id,created,updated,title,content,tags,product,topic,locale,answers,creator
1511283,2025-05-11 15:56:32 -0700,2025-05-11 15:56:32 -0700,Cannot apply themes,"<p>When I enable a theme, it doesn’t apply properly. Instead, the color that appears is just the default color of the browser. Sometimes the theme applies, but when I open a new browser window, the theme I enabled disappears. Why is this happening? Tysm&nbsp;:) </p>",firefox;settings;,firefox,settings,en-US,"",lorsdiz1992
1511280,2025-05-11 15:39:17 -0700,2025-05-11 15:39:17 -0700,How to turn off Firefox's mute function?,"<p>It seems like every week I've somehow muted the audio in a tab. I think this started a few months ago, but I can't remember seeing any sort of an ""upgrade"" alerting me to this new functionality. How do I get rid of it?? It's driving me nuts.  I search google for a solution, and it's horrible AI search just refers me to an ancient thread that does not work. </p><p>Btw, I just saw an announcement by Mozilla about modernizing itself. How about getting rid of the crazy About:Config and making it easier for users to make changes? </p>",firefox;installation-and-updates;,firefox,installation-and-updates,en-US,"",LWSolom
1511279,2025-05-11 15:32:16 -0700,2025-05-11 15:32:16 -0700,Why is logging in to my Credit Union no longer possible when using Fire Fox?,"<p>I like using Fire Fox (FF), but I am constantly met with resistance from different organizations which try to tell me to use MS Edge, or Google Chrome. It seems like FF is a problem for them. Now, after successfully using Fire Fox for decades, I can no longer log in to my bank account when using FF. I can use any other browser, but not Fire Fox. I've spoken to the bank, and they point the finger at FF (of course), but this time (unfortunately) I have to agree with the bank. What did FF do that now makes it impossible for me to access certain web pages, or certain features, like ""logging in"" to accounts?  </p><p>Can you please un-F whatever you F'd up? Or, please explain to me why I can do everything the exact same way I've always done things when like using Brave, Chrome, Edge, Chrome Cast, and TOR, but can no longer do them when using FF </p>",firefox-13801;firefox-1380;firefox;performance-and-connectivity;,firefox,performance-and-connectivity,en-US,"",cattledog
1511278,2025-05-11 15:08:10 -0700,2025-05-11 15:08:10 -0700,Suporte roblox,<p>Eu não entendi o motivo de eu ser banido sendo que não tava usando scripts ou coisas erradas e eu fui banido depois de 30 minutos e pelo q eu saiba tem gente querendo me banir sem eu poder fazer nada mesmo eu sendo inocente </p>,firefox;privacy-and-security_1;,firefox,privacy-and-security,en-US,"",kaminaridianqi5
1511276,2025-05-11 14:22:24 -0700,2025-05-11 14:22:24 -0700,biology,"<p>Why is it that when you press the egg in a container with salt, it sinks down but if you stir, the egg will float </p>",firefox;download-and-save;,firefox,download-and-save,en-US,"",jukiraernest12
1511275,2025-05-11 14:21:42 -0700,2025-05-11 14:21:42 -0700,Some Links Opening Second/Third Instances of Firefox Despite Firefox already Being Open,"<p>My problem is as described in the subject line:  I'm getting multiple instances of Firefox opened when I click links from email or web pages. </p><p>This just started happening within the last couple of days.  In the past, whenever I opened a link a new window was opened in the already open instance of Firefox.  Somehow some setting has been changed (a guess) that has caused a change in behavior. </p><p>Firefox is my default browser, but I do keep Chrome open for some testing of HTML/CSS I'm writing.  Chrome is NOT my default browser. </p><p>I did some searching without finding anything I understood well enough to implement. </p><p>I would appreciate any help with this issue as having multiple instances of the app running is driving my octogenarian brain nuts. </p>",firefox;settings;,firefox,settings,en-US,"",rabbithutch1
1511274,2025-05-11 14:08:55 -0700,2025-05-11 14:31:42 -0700,anoying popup,"<p>stop asking me to upgrade firefox, i am using the latest version for win 7. i am not upgrading 7 i consider 10 to be garbage. thanks mel </p>",firefox;installation-and-updates;,firefox,installation-and-updates,en-US,1731799;,mp.parrish
1511271,2025-05-11 13:44:33 -0700,2025-05-11 13:44:33 -0700,Unable to see the contents of a collapsed tag in the inspector,"<p>I am trying to inspect dom to see the content of a dropdown for my selenium test and I am facing the following issue: </p><p>1. Click on a drop down select (ex Language) 2. It adds a list of language divs to the dom 3. Open Inspector to see them 4. List of languages is is not visible in the dom as it is collapsed in the inspector by default 5. Click to expand the list in the dom 6. That triggers a ""click away"" event and code removes the list of languages from the dom 7. Back to point 1&nbsp;:( </p><p>Is there any way to break this dead loop? 1. Expand all nodes in the inspector by default 2. Disable any dom manipulation events </p><p>Thank you! </p>",firefox;settings;,firefox,settings,en-US,"",ribalkin
1511270,2025-05-11 13:27:10 -0700,2025-05-11 13:27:33 -0700,Spinwild,<p>Spinwild </p>,firefox;accounts;needsinfo;,firefox,accounts,en-US,1731770;,Spinwild1
1511269,2025-05-11 13:26:18 -0700,2025-05-11 13:26:18 -0700,Spinwild,<ul><li> Bulleted list item </li></ul>,firefox;accessibility;,firefox,accessibility,en-US,"",Spinwild1
1511267,2025-05-11 12:57:36 -0700,2025-05-11 12:57:36 -0700,Import bookmarks from another browser,"<p>I want to import web page bookmarks from MS Edge. I tried to do it per the settings help page, but I cannot get my firefox bookmarks to populate with the ones from my Edge browser. This problem is a deal breaker that may send me (under duress) back to MS Edge, and I really don't want that. </p>",firefox-13801;firefox-1380;firefox;backup-recovery-and-sync;,firefox,backup-recovery-and-sync,en-US,"",rhinobobb
1511266,2025-05-11 12:50:30 -0700,2025-05-11 12:50:30 -0700,bookmarks.  how do I get to show on left side,<p>bookmarks.  how do I get to show list on left side </p>,firefox;browse;,firefox,browse,en-US,"",dherring931
1511263,2025-05-11 12:30:03 -0700,2025-05-11 12:30:03 -0700,Block ads,<p>Block ads I don't want to receive  any ads </p>,firefox;backup-recovery-and-sync;,firefox,backup-recovery-and-sync,en-US,"",masonwabemanxiweni
1511261,2025-05-11 12:14:10 -0700,2025-05-11 12:14:10 -0700,How to save zoom process in firefox?,<p>'How to save ZOOM in firefox? </p>,firefox;accessibility;,firefox,accessibility,en-US,"",tamtruongc
1511258,2025-05-11 11:40:27 -0700,2025-05-11 11:40:27 -0700,Hola cariño cómo vas,<p>Bauti Maya </p>,firefox;accessibility;,firefox,accessibility,en-US,"",mayabautista37
1511257,2025-05-11 11:35:50 -0700,2025-05-11 11:35:50 -0700,Firefox can’t establish a connection,"<p>Unable to connect </p><p>Firefox can’t establish a connection to the server at localhost. </p><pre>   The site could be temporarily unavailable or too busy. Try again in a few moments.    If you are unable to load any pages, check your computer’s network connection.    If your computer or network is protected by a firewall or proxy, make sure that Firefox is permitted to access the web. </pre>",firefox-13801;firefox-1380;firefox;browse;,firefox,browse,en-US,"",islamitune6
1511256,2025-05-11 11:29:57 -0700,2025-05-11 11:31:29 -0700,cuki állatok,<p>Nem kell segítség! </p>,firefox;download-and-save;needsinfo;,firefox,download-and-save,hu,1731734;,enagy.zora2021
1511255,2025-05-11 11:27:36 -0700,2025-05-11 11:27:36 -0700,76y7767,<p>75e688786857 </p>,firefox;browse;,firefox,browse,en-US,"",yusufmalek869
1511254,2025-05-11 11:26:32 -0700,2025-05-11 11:26:32 -0700,yioudf,<p><em><strong>bold text</strong></em> </p>,firefox;browse;,firefox,browse,en-US,"",yusufmalek869
1511253,2025-05-11 11:24:04 -0700,2025-05-11 11:24:04 -0700,Закрепленные вкладки,<p>Внезапно пропали мои закрепленные вкладки. как их восстановить </p>,firefox-13801;firefox-1380;firefox;browse;,firefox,browse,en-US,"",mayoneznyy
1511252,2025-05-11 11:11:23 -0700,2025-05-11 15:11:28 -0700,i can't get the tab group thing to work,<p>i tried the new group coloed tab thing  can't get it to work..tried right click nothing there to help   tried overlay nothing there </p>,firefox;installation-and-updates;,firefox,installation-and-updates,en-US,1731814;,contourcountry59160
1511251,2025-05-11 11:10:15 -0700,2025-05-11 11:46:01 -0700,Roblox,"<p>I am unable to access my account because I no longer have access to the email address and phone number linked to it. I have forgotten the password, and I cannot recover the account through the usual methods. Please assist me in recovering my account. I can provide any additional information or verification needed to confirm my identity and ownership of the account. Thank you. </p>",firefox;passwords-and-sign-in;,firefox,passwords-and-sign-in,en-US,1731740;,arlsonnov4
1511250,2025-05-11 11:09:29 -0700,2025-05-11 11:09:29 -0700,About Roblox,<p>Can you verify my gmail on Roblox can you help me back my account </p>,firefox;accounts;,firefox,accounts,en-US,"",arlsonnov4
1511245,2025-05-11 10:20:12 -0700,2025-05-11 10:44:19 -0700,RESTORE,<p>all data all mails </p>,firefox;backup-recovery-and-sync;,firefox,backup-recovery-and-sync,en-US,1731724;,toperoper2022
1511244,2025-05-11 10:16:04 -0700,2025-05-11 10:16:04 -0700,IMAS -C4L-,<p>WebGL </p>,firefox;browse;,firefox,browse,en-US,"",s241979
1511243,2025-05-11 10:14:51 -0700,2025-05-11 10:14:51 -0700,digatal markating,<ol><li> <em>Numbered list item</em> </li></ol>,firefox;search-tag-and-share;,firefox,search-tag-and-share,en-US,"",arkogain162
1511242,2025-05-11 10:11:42 -0700,2025-05-11 10:28:43 -0700,Zakładki,"<p>Dzień dobry. Jest możliwość przywrócenia zakładek, które przypadkowo nadpisałem podczas synchronizacji przeglądarki w dwóch urządzeniach. Nie robiłem kopi zapasowej. Nadpisały mi się zakładki nie ta jak miało być. </p>",firefox;backup-recovery-and-sync;,firefox,backup-recovery-and-sync,en-US,1731721;,tanzynamarek
1511241,2025-05-11 10:08:30 -0700,2025-05-11 10:11:13 -0700,سهولة امكانية الوصول,<p>بيان الطريقة السلة للوصول </p>,firefox;accessibility;,firefox,accessibility,en-US,1731714;,mmaheralachcha
1511240,2025-05-11 10:07:03 -0700,2025-05-11 10:07:03 -0700,سهولة امكانية الوصول,<p><strong>bold text</strong> </p>,firefox;accessibility;,firefox,accessibility,en-US,"",mmaheralachcha
1511238,2025-05-11 09:57:21 -0700,2025-05-11 09:57:21 -0700,Facebook hírfolyam,"<p>Rendszeresen elugrik a Facebook hírfolyam oldala, ha valamelyik postra kattintva megjegyzést akarok tenni mire vissza mennék mát egy másik felületen vagyok. Tud valaki ebben segíteni&nbsp;? </p>",firefox;performance-and-connectivity;,firefox,performance-and-connectivity,hu,"",simsa750
1511237,2025-05-11 09:52:19 -0700,2025-05-11 10:02:10 -0700,Need to fix bookmarks and history system as firefox keeps crashing,<p>fire fox crashes do to bookmarks and history system and occasionally a missing link to some temporary file storage file best I can do Im not a computer guy </p>,firefox;performance-and-connectivity;,firefox,performance-and-connectivity,en-US,1731706;1731710;,jdram587
1511236,2025-05-11 09:32:03 -0700,2025-05-11 09:32:03 -0700,auditor,<p>everything </p>,firefox;accounts;,firefox,accounts,en-US,"",marewamsalu2014
1511234,2025-05-11 09:17:50 -0700,2025-05-11 09:32:24 -0700,Stronger,<p>Need help with making my profile security stronger. </p><p>Thank you! </p>,firefox;privacy-and-security_1;,firefox,privacy-and-security,en-US,1731701;,personal.richardperrymacintyre
1511233,2025-05-11 09:08:29 -0700,2025-05-11 09:23:04 -0700,New Firefox update has wiped out ALL bookmarks and appear irretrievable,"<p>SOS. Please help if you can. </p><p>New Firefox update from yesterday has wiped out ALL bookmarks and appear irretrievable. </p><p>This happened once before but I was able to restore them. </p><p>This time, every bookmark folder is empty - restoring history seems to be available but only goes back to early today. </p>",firefox;installation-and-updates;,firefox,installation-and-updates,en-US,1731696;,indiaw2
1511232,2025-05-11 08:37:33 -0700,2025-05-11 09:34:47 -0700,"My info says Firefox 12.10.oesr 20250421121556 April 29 ""Patch apply failed but also says Firefox up to date!!!",<p>How could the Firefox be up to date when also saying latest patch failed? How is this corrected? </p>,firefox;installation-and-updates;,firefox,installation-and-updates,en-US,1731703;,gloria3000
1511229,2025-05-11 08:04:54 -0700,2025-05-11 09:37:17 -0700,add blockig,<p>how do I disable add blocking in Firefox? I am unable to access many sites until I turn it off and I never asked for it! I don't care about adds! </p>,firefox;browse;,firefox,browse,en-US,1731704;,williamhgolfer
1511226,2025-05-11 07:31:15 -0700,2025-05-11 09:56:17 -0700,My Bookmarks do not not show when I open Firefox. I have enabled Bookmarks and they should show but I have to manually make it visible every time,<p>My Bookmarks do not not show when I open Firefox. I have enabled Bookmarks under View &gt; Sidebars but they don't show and I have to manually make the visible every time I us Firefox. </p>,firefox;settings;,firefox,settings,en-US,1731708;,leydendesign
1511224,2025-05-11 06:57:57 -0700,2025-05-11 09:58:17 -0700,Webmail compatability,"<p>Firefox no longer works with my Century Link webmail account. I can get to webmail using other browsers, but I prefer to stay with Firefox. I just checked my Firefox updates and I am up to date. Any ideas? Bob </p>",firefox;performance-and-connectivity;,firefox,performance-and-connectivity,en-US,1731709;,bob.keiser
1511223,2025-05-11 06:48:56 -0700,2025-05-11 06:48:56 -0700,app não compatível com o Amazon música,<p>Atualização do App para o Amazon música </p>,firefox;accessibility;,firefox,accessibility,pt-BR,"",josivaldo.silva
1511222,2025-05-11 06:30:17 -0700,2025-05-11 10:52:26 -0700,youtube,<p><strong>bold text</strong> nothind </p>,firefox;browse;,firefox,browse,en-US,1731725;,magnusmajesta
1511220,2025-05-11 06:23:42 -0700,2025-05-11 06:23:42 -0700,how to fix my speaker use,"<p>To <a href=""https://fixmyspeaker.org/"" rel=""nofollow"">fix my speaker</a>, begin by checking the control and associations. Guarantee it’s stopped in, turned on, and the volume is up. If it’s a Bluetooth speaker, confirm it's matched accurately with your gadget. For wired speakers, check the sound cable and harbour for harm or flotsam and jetsam. If there's no sound, attempt utilizing the speaker with another gadget to run the show out issues with the source. If the sound is mutilated, assess the speaker cone for harm and dodge over-amplifying. Overhaul drivers or firmware if appropriate. At long last, reset the speaker to manufacturing plant settings or counsel the manual for model-specific investigating steps. </p>",seg-spam;,firefox,installation-and-updates,en-US,"",niloybormon
1511218,2025-05-11 06:05:12 -0700,2025-05-11 08:50:01 -0700,research,<p>give all the report based on the topic says the assessment of fluoride concentration in agricultural soil and vegetable crops </p>,firefox;download-and-save;,firefox,download-and-save,en-US,1731692;,kinuwaeliza
1511216,2025-05-11 06:00:21 -0700,2025-05-11 06:00:21 -0700,Roblox and file,<p>Why I can't download Minecraft in my file I hate that And I can't open my Roblox I open Roblox when in morning and night </p>,firefox;download-and-save;,firefox,download-and-save,en-US,"",palomioaustria
1511215,2025-05-11 05:39:08 -0700,2025-05-11 10:09:08 -0700,come posso aggiungere un altro account,<p>come posso aggiungere account google che possa lavorare sul mio computer </p>,firefox;accounts;,firefox,accounts,en-US,1731713;,serenapri
1511213,2025-05-11 05:18:54 -0700,2025-05-11 05:29:11 -0700,"Firefox not fitting into frame correctly, slow and buffering on startup","<p>There is a gap between firefox and the frame of the window. There is also a inconsistency at the bottom of the browser where it meets the window. Issue persists in safe-mode and all other firefox channels. Albeit, there is no gap or issue with firefox ESR. </p>",firefox;accessibility;,firefox,accessibility,en-US,1731656;,png6760
1511212,2025-05-11 05:18:26 -0700,2025-05-11 05:20:21 -0700,soma#1980,<p>education </p>,firefox;download-and-save;needsinfo;,firefox,download-and-save,en-US,1731654;,somasarkhel7
1511210,2025-05-11 05:09:46 -0700,2025-05-11 09:19:08 -0700,accesso alla Mai di Tim.it,"<p>''''<em><strong>da qualche tempo se tento di accedere alla mail di <a href=""http://TIM.it"" rel=""nofollow"">TIM.it</a>  si blocca su questa pagina:  <a href=""https://webmail.tim.it/mail/index-rui.jsp?v=TIMUX_1.1.9#/homepage"" rel=""nofollow"">https://webmail.tim.it/mail/index-rui.jsp?v=TIMUX_1.1.9#/homepage</a>     lo stesso non accade con Chrome</strong></em> ho Firefox 115.23.0esr (64 bit) su windows 7 </p><p>since a few days when I try to open my <a href=""http://TIM.IT"" rel=""nofollow"">TIM.IT</a> mail Firefox gets stuck on this page: <a href=""https://webmail.tim.it/mail/index-rui.jsp?v=TIMUX_1.1.9#/homepage"" rel=""nofollow"">https://webmail.tim.it/mail/index-rui.jsp?v=TIMUX_1.1.9#/homepage</a> this did not happen before and does not happen now with Chrome my Firefox is 115.23.0esr (64 bit) on windows 7 </p>",firefox;accessibility;,firefox,accessibility,it,1731695;,immita
1511209,2025-05-11 05:05:22 -0700,2025-05-11 05:05:22 -0700,sound,<p>i've got no sound </p>,firefox;settings;,firefox,settings,en-US,"",eldermatt1970
1511207,2025-05-11 04:44:07 -0700,2025-05-11 04:44:07 -0700,SPEAR PHISHING ATTACK,<p>aunban nuyeu9n uby9 vefvjdisfios h sj iwgiwuitjhrwit </p>,firefox;privacy-and-security_1;,firefox,privacy-and-security,en-US,"",hafizsinankt
1511205,2025-05-11 04:38:28 -0700,2025-05-11 04:39:15 -0700,aap ke side pe mai kam nahi kar pa raha hooo,<p>es pahle phir problam huwa tha phir mai ne use sotout kiya aaj ka problme kisi bi halat se ttek nahi ho . pa raha </p>,firefox;performance-and-connectivity;needsinfo;,firefox,performance-and-connectivity,en-US,1731645;,dhruv854317
1511204,2025-05-11 04:05:08 -0700,2025-05-11 04:05:08 -0700,Firefox tietää google-salasanan,<p>Ko salasana ei ole kuitenkaan Firefoxin salasanaluettelossa näkyvissä? </p>,firefox;accounts;,firefox,accounts,fi,"",hannumakisaari
1511199,2025-05-11 03:26:41 -0700,2025-05-11 08:55:21 -0700,Tab Group,<p>How do u group tabs in the phone app as u can in the desktop app </p>,firefox;browse;,firefox,browse,en-US,1731693;,kimemiachuka
1511197,2025-05-11 03:15:12 -0700,2025-05-11 09:02:06 -0700,how do i remove quick share completely from my devices,<p>i want to remove quick share and everything associated  with it&nbsp;!  i have never wanted it and you changing the [expletive] name and putting it back on my devices is [expletive] really [expletive] me off&nbsp;!!! i have never liked it i dont [expletive] use it and everytime  you change name and load it on my phone [expletive] [expletive] me off more and  i dream of the day i get to meet you my fist to your face &nbsp;! stop put this [expletive] garbage on my [expletive] phone&nbsp;!!!! </p>,firefox;search-tag-and-share;,firefox,search-tag-and-share,en-US,1731694;,hippilessrich
1511196,2025-05-11 03:08:07 -0700,2025-05-11 10:19:37 -0700,reset password,<p>password update </p>,firefox;passwords-and-sign-in;,firefox,passwords-and-sign-in,en-US,1731718;,barrypike
1511192,2025-05-11 02:04:20 -0700,2025-05-11 02:04:20 -0700,Trouver l’original de ce photo sans filoutage,"<p><a href=""http://Noumoko"" rel=""nofollow"">Photos originale </a> </p>",firefox;search-tag-and-share;,firefox,search-tag-and-share,en-US,"",sountougou98
1511191,2025-05-11 01:59:17 -0700,2025-05-11 02:48:01 -0700,google Photos,<p>Photos and videos </p>,firefox;backup-recovery-and-sync;,firefox,backup-recovery-and-sync,en-US,1731629;,mehala2105k
1511190,2025-05-11 01:30:49 -0700,2025-05-11 02:48:01 -0700,Tab Groups,"<p>Hey Guys! So I can't seem to activate the 'Tab Groups' feature, no matter how much hard I try.  </p><p>Please Help. </p><p>Kind Regards </p><p>Fallen </p>",firefox-13801;firefox-1380;firefox;accessibility;,firefox,accessibility,en-US,1731626;1731630;,cancerorpro
1511189,2025-05-11 01:24:01 -0700,2025-05-11 13:34:42 -0700,how to disable exit from fullscreen mode by ESC button,<p>how to disable exit from fullscreen mode by ESC button to play via cloud gaming and open menu </p>,firefox;settings;,firefox,settings,en-US,1731644;1731716;,garsy849
1511188,2025-05-11 01:01:37 -0700,2025-05-11 01:01:37 -0700,www.evergreenfinanace.com,"<p><a href=""http://www.evergreenfinance.com"" rel=""nofollow"">www.evergreenfinance.com</a> </p>",firefox;browse;,firefox,browse,en-US,"",evergreenfinance7080
1511186,2025-05-11 00:19:22 -0700,2025-05-11 00:19:22 -0700,"megjelenik , hogy egy lap lassítja a működést. Szeretném figyelmen kívűl hagyni !",<p>Mit tegyek&nbsp;? </p>,firefox;browse;,firefox,browse,hu,"",jozsef.szekely
1511185,2025-05-11 00:01:30 -0700,2025-05-11 00:01:30 -0700,I like,<ol><li> Numbered list item </li></ol>,firefox;installation-and-updates;,firefox,installation-and-updates,en-US,"",binmwl
1511184,2025-05-10 23:52:40 -0700,2025-05-11 03:09:58 -0700,youtube and more app viewing and the enjoying,<p><strong>bold text</strong> </p>,firefox;search-tag-and-share;,firefox,search-tag-and-share,en-US,1731635;,devisundar310
1511182,2025-05-10 23:45:20 -0700,2025-05-10 23:47:48 -0700,playing video on youtube is always choppy,<p>time pass </p>,firefox;download-and-save;needsinfo;,firefox,download-and-save,en-US,1731607;,devisundar310
1511181,2025-05-10 23:38:35 -0700,2025-05-10 23:38:35 -0700,"saya ingin fasilitas yg mumpuni, bravo fire fox","<p>Diberkatilah para staf yang ada di fire fox, dalam memberikan pelayanan internet baik di indonesia maupun didunia </p>",firefox;settings;,firefox,settings,en-US,"",arwantomemberkati
1511178,2025-05-10 23:32:16 -0700,2025-05-10 23:32:16 -0700,browser firefox microphone bangla on,<p>microphone voice bangla set up ok </p>,firefox;performance-and-connectivity;,firefox,performance-and-connectivity,en-US,"",asirahman336
1511177,2025-05-10 23:22:58 -0700,2025-05-10 23:22:58 -0700,hoom jhkkjghjk,<p>mjgggkh </p>,firefox;download-and-save;,firefox,download-and-save,en-US,"",bibeknath.ovi
1511175,2025-05-10 22:42:42 -0700,2025-05-10 22:42:42 -0700,https://cat.bkn.go.id/simulasi/index.php,<p><strong>bold text</strong> </p>,firefox;browse;,firefox,browse,en-US,"",hamsahhamid963
1511174,2025-05-10 22:36:06 -0700,2025-05-10 22:36:06 -0700,how do i get the matte right click menu back?,"<p>the right click menu used to be matte and used my windows accent color. now its transparent with a frost effect on top, kinda like the right click menu in windows 11. how do i get the old one back </p>",firefox;settings;,firefox,settings,en-US,"",Lord_Silly
1511171,2025-05-10 22:16:13 -0700,2025-05-10 23:01:16 -0700,unable to browse particular site,"<p><a href=""https://www.realestate.com.au/buy/property-land-in-fraser+rise,+vic+3336/list-1"" rel=""nofollow"">https://www.realestate.com.au/buy/property-land-in-fraser+rise,+vic+3336/list-1</a> </p><p>Unable to open this site from Mozilla on Mac book but it opens in safari. What may be the reason? </p>",firefox;mac-os;needsinfo;,firefox,browse,en-US,1731588;,watves
1511170,2025-05-10 22:09:25 -0700,2025-05-10 22:09:25 -0700,busqueda,<p>Cómo empiezo a buscar por la web </p>,firefox;accessibility;,firefox,accessibility,es,"",antoniomanez1970
1511169,2025-05-10 22:09:19 -0700,2025-05-10 22:14:43 -0700,do you have browser for Mac OS,<p>I need a Mozilla Firefox browser for my MacBook Pro retina </p>,firefox;browse;,firefox,browse,en-US,1731581;,watves
1511167,2025-05-10 22:00:25 -0700,2025-05-10 22:00:25 -0700,English,<p>Hello </p>,firefox;accounts;,firefox,accounts,en-US,"",qudratullahafghan0101
1511166,2025-05-10 21:53:15 -0700,2025-05-10 23:30:10 -0700,*.moi.gov.af,"<p><a href=""http://passport.moi.gov.af"" rel=""nofollow"">passport.moi.gov.af</a> has a security policy called HTTP Strict Transport Security (HSTS), which means that Firefox can only connect to it securely. You can’t add an exception to visit this site. </p><p>The issue is most likely with the website, and there is nothing you can do to resolve it. You can notify the website’s administrator about the problem. </p>",firefox;needsinfo;,firefox,browse,en-US,1731600;,aimalyagana394
1511165,2025-05-10 21:44:51 -0700,2025-05-10 23:03:04 -0700,Accessing Google in Firefox Browser,"<p>Hi, I've been involved in IT for many years but have stuck an issue I'm unable to resolve. As a search engine I like to use <a href=""http://www.google.com.au"" rel=""nofollow"">www.google.com.au</a> which works fine until I log into my Google account. Once I'm logged in to my account the home page reverts to <a href=""http://www.google.com"" rel=""nofollow"">www.google.com</a> and I'm unable to add the .au. I've confirmed it happening on three different machines over the past couple of days. If I use Edge, Chrome or Brave, the problem does not arise, so I must conclude there is an issue somewhere within Firefox. Any help would be greatly appreciated Many Thanks Phil </p>",firefox;performance-and-connectivity;,firefox,performance-and-connectivity,en-US,1731590;,philby49
1511163,2025-05-10 20:53:48 -0700,2025-05-10 20:53:48 -0700,"file, edit, history, bookmarks MENU BAR","<p>I cannot make fire fox work at  all.for me. I need the file, edit, history, bookmark tool bar back. I'm pleading with you. Please I BEG you to uninstall the upgrade. Please let me have the Firefox I had last week. I,m 88 and will die before I ever!!!! i can't make anything work.I have over 5,000 bookmarks. I write for a few dollars to partly support myself. Right now I'm out of business. Where is the invisible email address?    I have been using FIREFOX since it came out. i can't go through your circus. A browser should have a high degree of instinctive coordination, it shouldn't be similar to experts cryptic  calculus level, when your totally unfamiliar with the level of calculus I'm sorry, I won't be able jump through hoops.. </p>",firefox;installation-and-updates;,firefox,installation-and-updates,en-US,"",Cyborg119
1511162,2025-05-10 20:05:55 -0700,2025-05-10 20:05:55 -0700,saerwaf,<p>darerad </p>,firefox;download-and-save;,firefox,download-and-save,en-US,"",dhruv854317
1511159,2025-05-10 19:53:06 -0700,2025-05-11 01:52:58 -0700,Java Script,<p>how to turn on java script in Firefox </p>,firefox;settings;,firefox,settings,en-US,1731621;,pjschroder
1511158,2025-05-10 19:51:29 -0700,2025-05-10 19:51:29 -0700,Feel vot,<p><strong>bold text</strong> </p>,firefox;performance-and-connectivity;,firefox,performance-and-connectivity,en-US,"",00rrchandio
1511157,2025-05-10 19:40:18 -0700,2025-05-10 19:40:18 -0700,education,<p>education </p>,firefox;download-and-save;,firefox,download-and-save,en-US,"",frankmbuwa
1511156,2025-05-10 19:27:55 -0700,2025-05-10 19:27:55 -0700,side nahi chalta hai,<p>mmmmmmmmmmmmmmmmmmm </p>,firefox;accessibility;,firefox,accessibility,en-US,"",SINHAPOONAM910
1511153,2025-05-10 19:01:48 -0700,2025-05-10 19:16:46 -0700,STOP THE [redacted] WEBPAGE,"<p>This [redacted] website </p><p><a href=""https://support.mozilla.org/en-US/kb/add-on-badges?utm_content=promoted-addon-badge&amp;utm_medium=referral&amp;utm_source=addons.mozilla.org"" rel=""nofollow"">https://support.mozilla.org/en-US/kb/add-on-badges?utm_content=promoted-addon-badge&amp;utm_medium=referral&amp;utm_source=addons.mozilla.org</a> </p><p>keep interfering with me adding extensions </p><p>How do I get rid of it? </p>",firefox;performance-and-connectivity;,firefox,performance-and-connectivity,en-US,1731557;,JEVColorado
1511152,2025-05-10 18:56:08 -0700,2025-05-11 13:59:01 -0700,Why did multiple tabs just randomly disappear from my main window?,"<p>I ran into a glitch in another program, and as part of trying to fix it I rebooted my computer.  On doing so, I find that the VAST majority of the tabs I had open in my main browsing window have disappeared - some of them out of tab groups I'd created to <em>avoid</em> losing the tabs in question.  Neither tab history nor browser history show the missing tabs. </p><p>What gives?!  Is there any way to restore the window as I had it, say, yesterday? </p>",firefox;performance-and-connectivity;,firefox,performance-and-connectivity,en-US,1731623;1731719;1731744;1731782;,hobbitguy1420
1511151,2025-05-10 18:46:47 -0700,2025-05-10 18:46:47 -0700,Cara BUka Blokir BRimo 3 Kali Lupa Pin,"<p>Untuk membuka blokir BRImo yang terblokir karena salah PIN 3 kali, Anda bisa menghubungi Calll Centerr BRI di nomor (0855)1111059 atau 1500017. </p>",seg-spam;,firefox,privacy-and-security,en-US,"",kungkangkung52
1511150,2025-05-10 18:45:16 -0700,2025-05-10 18:45:16 -0700,Cara Buka Blokir BRimo Lupa pin,<p>Untuk Buka Blokir BRImo Nasabah dapat menghubungi customer service BRI di 14017/1500017 atau melalui nomor WA (0855) 1111-059. </p>,seg-spam;,firefox,search-tag-and-share,en-US,"",kungkangkung52
1511148,2025-05-10 18:15:52 -0700,2025-05-10 18:15:52 -0700,¿Cómo deshabilito el Traductor de Google?,<p>¿O no se puede? </p>,firefox;settings;,firefox,settings,es,"",dialexg911
1511146,2025-05-10 18:08:26 -0700,2025-05-10 18:08:26 -0700,shortcuts,<p>All of a sudden I can't put short cuts on my homepage </p>,firefox;settings;,firefox,settings,en-US,"",thomdavis.davis3
1511145,2025-05-10 17:56:56 -0700,2025-05-10 17:56:56 -0700,bookmarks not importing,"<p>i'm on an old macbook air running Ubuntu 24.04.2 LTS. i exported my chrome bookmarks into an html file, and tried importing them into firefox. firefox says ""577 bookmarks imported"", but not a single one shows up anywhere in the firefox bookmarks. what am i missing? Thanks, Nilesh </p>",firefox;settings;,firefox,settings,en-US,"",nilesh.thali
1511143,2025-05-10 17:55:12 -0700,2025-05-11 02:15:47 -0700,express vpn,<p>can't run or install Express VPN extension.  Running windows 11 OS  Express VPN  extension stopped working after OS update to 11 Unable to connect to Express VPN support no connection </p>,firefox;privacy-and-security_1;,firefox,privacy-and-security,en-US,1731624;,j6947s
1511140,2025-05-10 17:15:39 -0700,2025-05-10 17:15:39 -0700,"Firefox intermittently disables keyboard while scrolling, requires reboot","<p>When browsing with Firefox, scrolling with the up/down arrow keys intermittently causes the keyboard to be disabled.  Trackpad and touchscreen still function, but keyboard becomes completely disabled, requiring a reboot.  </p><p>I've had this problem for over a year and through several versions.   It also happens when running in safe mode, so that should eliminate any plugins. </p><p>This ONLY happens while browsing with Firefox browser.  I cannot deliberately reproduce this, but it happens frequently - up to several times a day. It seems to be tied to scrolling with the down and up keys.  This only happens in Firefox, not in any other apps or browsers.  </p><p>Can anyone help me isolate the problem and find a fix?   I am a retired programmer, so I should be able to get to the bottom of this with some help.  I suspect that my env may be so unique that nobody can  </p><p>Environment: FIREFOX  125.0.2 64 bit through 138.0.1 </p><p>Windows 11 Edition	Windows 11 Pro Version	23H2 Installed on	‎2/‎13/‎2024 OS build	22631.3447 Experience	Windows Feature Experience Pack 1000.22688.1000.0 </p><p>Keyboard drivers: HID Keyboard Device </p><pre>  ETD.sys            15.56.2.26           ELAN Microelectronics Corp.    kbdclass.sys    10.0.22621.1 (Winbuild.160101.0800)       Microsoft   kbdhid.sys        10.0.22621.1 (Winbuild.160101.0800)       Microsoft </pre> <p>Standard PS/2 Keyboard     </p><pre>  ETD.sys            15.56.2.26           ELAN Microelectronics Corp.    i8042prt.sys    10.0.22621.1 (Winbuild.160101.0800)       Microsoft   kbdclass.sys    10.0.22621.1 (Winbuild.160101.0800)       Microsoft </pre> <p><br> </p><p>HP Envy laptop  model  17t-cw000  Processor	        13th Gen Intel(R) Core(TM) i7-13700H   2.40 GHz Installed RAM	32.0 GB (31.7 GB usable) Product ID	        00355-61386-37102-AAOEM System type	        64-bit operating system, x64-based processor Pen and touch	Touch support with 10 touch points </p>",firefox;browse;,firefox,browse,en-US,"",cliffb1
