id,created,updated,title,content,tags,product,topic,locale,answers,creator
1519629,2025-06-28 16:05:29 -0700,2025-06-28 16:05:29 -0700,Memory usage is crazy.  Option to unload tab on low memory not provided.,"<p>Help me enabling tab unloading on low memory. As it stands today, Firefox is killing memory. I will have to stop using it. </p>",firefox;crashing-and-slow-performance;,firefox,crashing-and-slow-performance,en-US,"",schwalb.edward
1519625,2025-06-28 15:48:20 -0700,2025-06-28 15:48:20 -0700,windows 10,<p>All OK dune </p>,firefox;browse;,firefox,browse,en-US,"",dcjee123
1519624,2025-06-28 15:15:39 -0700,2025-06-28 15:15:39 -0700,recover my saved password,<p>how do i restore and see my saved password from password manager </p>,firefox;password-manager;,firefox,password-manager,en-US,"",wazis2000
1519623,2025-06-28 14:58:08 -0700,2025-06-28 14:58:08 -0700,want to add a dedicated search bar next to the address bar,"<p>I want to add a dedicated search bar next to the address bar. When I search how to do this, I read:  To add a separate search bar in the Firefox browser, navigate to Settings &gt; Search and then click on ""Add search bar in toolbar"". This will place a dedicated search bar next to the address bar. But when I search for ""Add search bar in toolbar"", I get a message there are no results in Settings. I have  Windows 10 laptop. </p>",firefox-1400;firefox;settings;,firefox,settings,en-US,"",debbiesummer.fg
1519622,2025-06-28 14:50:48 -0700,2025-06-28 14:50:48 -0700,email,<p>how do I access my email </p>,firefox;accessibility;,firefox,accessibility,en-US,"",kklradio
1519621,2025-06-28 14:49:22 -0700,2025-06-28 14:49:22 -0700,my email,<p>how do i access my email </p>,firefox;accessibility;,firefox,accessibility,en-US,"",kklradio
1519620,2025-06-28 14:45:49 -0700,2025-06-28 16:16:49 -0700,gmail access denied,<p>how do I access my email </p>,firefox;undefined;needsinfo;,firefox,undefined,en-US,1745540;,kklradio
1519618,2025-06-28 14:30:03 -0700,2025-06-28 14:30:03 -0700,Veritcal sidebar flashes when Firefox starts,"<p>There is a bug which was reported 3 month ago <a href=""https://bugzilla.mozilla.org/show_bug.cgi?id=1959157"" rel=""nofollow"">https://bugzilla.mozilla.org/show_bug.cgi?id=1959157</a>. It appeared out of nowhere and I don't even know if it was fixed since then. But it is bugging me a lot, no pun intended.  Any help would  be appreciated. </p>",firefox;app-responsiveness;,firefox,app-responsiveness,en-US,"",melamagod
1519617,2025-06-28 14:29:33 -0700,2025-06-28 14:29:33 -0700,Cookie Deletion and Repeated Prompting for Primary Password,"<p>This goes back to an issue dating back to version 132 and a previous issue. </p><p>Since version 132, if I go in and delete individual cookies via the ""Settings"", ""Privacy and Security""  ""Cookies and Site Data"" and ""Manage Data"", for any website I've visited, I am repeatedly asked to reenter my primary password.  Even if the individual website cookies I delete are for websites that I do not have a password for. </p><p>Highly annoying and never used to happen until the version 132 update, and all subsequent updates. </p><p>Why does this happen and if it's intentional, is there some rationale for it? </p><p>Thanks, </p><p>Dan </p>",firefox;passwords-and-sign-in;,firefox,passwords-and-sign-in,en-US,"",danohall
1519616,2025-06-28 14:20:03 -0700,2025-06-28 14:20:03 -0700,extensions are not working,<p>i just changed search history to never save my search history and the extensions are  nt working  at all is there a solution&nbsp;? respond  on  my email please  ( a3rbha@gmail.com ) </p>,firefox;performance-and-connectivity;,firefox,performance-and-connectivity,en-US,"",a3rbha
1519613,2025-06-28 14:12:56 -0700,2025-06-28 16:18:04 -0700,"Upgrading PC, need my FIREFOX as it was on old PC",<p>How do I import FIREFOX settings (Start page; bookmarks - both BAR and OTHER MENU;  color scheme or THEME; etc) from my FIREFOX on an old computer? </p>,firefox-13904;firefox-1390;import-and-export-settings;,firefox,import-and-export-settings,en-US,1745541;,pobachs
1519612,2025-06-28 13:58:53 -0700,2025-06-28 13:58:53 -0700,Firefox Auto-Refresh Forces me to go to Tab!,"<p>I've been using an auto-refresh addon for a site I'm on but it forces me to go to the tab to refresh it manually and there's no way to turn it off! I accidentally clicked some kind of check box but it's not there anymore so I can't undo it! I've looked all over Firefox Settings but it's not there! Tried closing and reopening the tab, the browser and but nothing works! </p>",firefox;extensions;,firefox,extensions,en-US,"",hylian_dragon_warrior
1519611,2025-06-28 13:43:33 -0700,2025-06-28 14:49:05 -0700,Is there a way of seeing all my open tabs in one list?,<p>So far I have accumulated a dozen windows and each window has 1-10 tabs. I would like to be able to see a comprehensive list of all my open tabs and to be able to click on any one. Is there a way? </p>,firefox;tabs;,firefox,tabs,en-US,1745519;1745530;,mozilla.boggle943
1519609,2025-06-28 13:05:45 -0700,2025-06-28 13:05:45 -0700,Search,"<p>With the latest update I get search suggestions in the search bar.  I want to use my bookmarks.  How can I turn off this feature? </p><p>In the example, I typed dict and got <a href=""http://dictionary.reference.com"" rel=""nofollow"">dictionary.reference.com</a>, while the bookmark I wanted was just <a href=""http://ductionary.com"" rel=""nofollow"">ductionary.com</a>. Thank you. </p>",firefox;search-suggestions;,firefox,search-suggestions,en-US,"",crl4242
1519608,2025-06-28 13:02:29 -0700,2025-06-28 13:02:29 -0700,yahoo mail to text,"<p>Can I send or forward an email (<a href=""http://yahoo.com"" rel=""nofollow"">yahoo.com</a> email) as a text message. if so, how to do it </p>",firefox;settings;,firefox,settings,en-US,"",williamburke9909
1519607,2025-06-28 12:54:34 -0700,2025-06-28 13:39:48 -0700,new in firefox - ai chatbot,"<p>I notice that Firefox add, rather recently it seems, an ai chatbot. Simple question: how do I remove or disable this? I neither need nor want ai on my devices. </p>",firefox;settings;,firefox,settings,en-US,1745511;,Rosaliy-Lynne
1519606,2025-06-28 12:32:18 -0700,2025-06-28 12:32:18 -0700,",Velikost úložiště","<p>Sdělte, srozumitelně, co udělat, aby se zvětšila velikost úložiště. PC mi sděluje: Stránku se nepodařilo načíst. Děkuji Šišák richard.sisak@centrum.cz </p>",firefox;download-and-save;,firefox,download-and-save,cs,"",richard.sisak
1519603,2025-06-28 12:01:09 -0700,2025-06-28 12:01:09 -0700,nejde mi sistem,<p>obnova sistemu </p>,firefox;download-and-save;,firefox,download-and-save,cs,"",michalsokolik8
1519601,2025-06-28 11:59:03 -0700,2025-06-28 13:14:04 -0700,Audio Issue,"<p>Hi, </p><p>I have been having this weird issue that I believe is being caused by firefox as no other internet browser has the same issue. When I'm playing music on spotify and I open firefox the sound goes quite bu the audio is still playing on spotify . One work around I have found is to take on of the tabs and use it to open a new window and the put it back with the others and the sound comes back again. I lost and need help as this is making it hard to want to use firefox which I have been a user of since it first came out. </p>",firefox;audio-and-video;needsinfo;,firefox,audio-and-video,en-US,1745503;,sam-schmierer
1519599,2025-06-28 11:27:05 -0700,2025-06-28 11:27:05 -0700,lnstallation,<p>why can`t l install with this app </p>,firefox;installation-and-updates;,firefox,installation-and-updates,en-US,"",helya8758
1519596,2025-06-28 11:19:58 -0700,2025-06-28 11:19:58 -0700,updates,<p><strong>bold text</strong>چرا نمیتوانم بازی بریزم و باید از راه های دانلود کنم </p>,firefox;installation-and-updates;,firefox,installation-and-updates,en-US,"",helya8758
1519594,2025-06-28 11:11:12 -0700,2025-06-28 11:11:12 -0700,bookmarks have disappeard,<p>Hi my bookmarks have disappeared </p>,firefox;recover-data;,firefox,recover-data,en-US,"",glenking35
1519593,2025-06-28 10:50:52 -0700,2025-06-28 13:17:06 -0700,Open Firefox browser today and none of the tabs open. How do I fix it?,<p>Tabs will not open. </p>,firefox;performance-and-connectivity;needsinfo;,firefox,performance-and-connectivity,en-US,1745504;,kmorgavi
1519592,2025-06-28 10:50:12 -0700,2025-06-28 13:42:07 -0700,Issue with Firefox and accessing Google,"<p>All of a sudden for the past few weeks or so, I keep getting the message in the attached screenshot when entering words in the search bar and clicking on Google.  This never happened before in all the years I've been doing this, so what's up with it and can it be fixed?  Thanks. </p>",firefox;site-breakages;,firefox,site-breakages,en-US,1745512;,dougrox789
1519589,2025-06-28 10:42:57 -0700,2025-06-28 13:43:36 -0700,connecting web sites,<p>Can not<strong>bold text</strong> connect to a few web pages why? </p>,firefox;site-breakages;,firefox,site-breakages,en-US,1745513;,tammybella
1519585,2025-06-28 10:09:03 -0700,2025-06-28 10:09:03 -0700,already paid 55.99 can't get item,<p>Can't get what I paid for </p>,firefox;accessibility;,firefox,accessibility,en-US,"",lzable29
1519583,2025-06-28 10:06:47 -0700,2025-06-28 10:09:04 -0700,quiero que todo funcione bien y rapido,<p>siguiendo estando al lado de los que no sabemos y queremos aprender </p>,windows-10;firefox-14002;firefox-1400;firefox;undefined;,firefox,undefined,es,1745481;,ruskinoff
1519582,2025-06-28 09:59:26 -0700,2025-06-28 09:59:26 -0700,narega,<p>mahatma ghandhi gramin rojgar garnti yojana </p>,firefox;download-and-save;,firefox,download-and-save,en-US,"",mannakatara4444
1519581,2025-06-28 09:52:36 -0700,2025-06-28 09:52:36 -0700,email,<p>How do I email the page I'm looking at? Is there a shortcut for emailing the page? </p>,firefox;share-content;,firefox,share-content,en-US,"",brianduignan
1519580,2025-06-28 09:52:18 -0700,2025-06-28 09:52:18 -0700,Warning: Potential Security Risk Ahead; no webpages open after latest update,"<p>Since the latest upgrade to Firefox, no windows will refresh or open. They all return with the 'Warning: Potential Security Risk Ahead' screen...and that includes <a href=""http://mozilla.org"" rel=""nofollow"">mozilla.org</a>. Currently accessing through the Duck.Duck.Go browser and all webpages copied open without problem. I run Nord VPN and the problem persists regardless of whether it is active. </p>",firefox;web-certificates;,firefox,web-certificates,en-US,"",samarinello
1519579,2025-06-28 09:51:40 -0700,2025-06-28 13:12:07 -0700,server,<p>what server is my Firefox using? </p>,firefox;connectivity;,firefox,connectivity,en-US,1745480;1745502;,barb1kinsey
1519578,2025-06-28 09:48:33 -0700,2025-06-28 09:48:33 -0700,brouse,<p>well done </p>,firefox;download-and-save;,firefox,download-and-save,en-US,"",mimchowdhury17092001
1519577,2025-06-28 09:39:01 -0700,2025-06-28 09:39:01 -0700,I am trying to block persistent notifications from sfgate.com.,"<p>Firefox instructions say go to Notifications on Privacy and Security, but Privacy and Security on my  Firefox no longer has a Notifications link. The sfgate site itself refused to let me into its settings. Where on Firefox do I block it? </p>",firefox;notifications;,firefox,notifications,en-US,"",victorianelson
1519575,2025-06-28 09:16:31 -0700,2025-06-28 09:16:31 -0700,jhuhuhbujhuih,<p>njimnjijnmom kjjnikjk jj uhjhgubg8uyh  ujhbi8h u8yh8iyh </p>,firefox;browse;,firefox,browse,en-US,"",bojar296
1519574,2025-06-28 09:13:46 -0700,2025-06-28 09:13:46 -0700,Nabaraj Khadks,<p>Nabaraj Khadka </p>,firefox;accessibility;,firefox,accessibility,en-US,"",nabarajkhadka2043
1519573,2025-06-28 09:06:46 -0700,2025-06-28 09:06:46 -0700,Cancel Order,<p>06/28/2025    12:06 PM Please cancel any order that may have been placed in my name - James Gardner.  Please confirm you received this message and will comply with it. </p><p>jgardner91@yahoo.com </p>,firefox;accounts;,firefox,accounts,en-US,"",jgardner91
1519572,2025-06-28 08:58:21 -0700,2025-06-28 08:58:21 -0700,kali linux,<p>kali linux upgrade problum </p>,firefox;installation-and-updates;,firefox,installation-and-updates,en-US,"",mrsurajkumar116
1519571,2025-06-28 08:54:45 -0700,2025-06-28 08:54:45 -0700,kali linux,<p>kali linux upgrade problum </p>,firefox;settings;,firefox,settings,en-US,"",mrsurajkumar116
1519570,2025-06-28 08:52:25 -0700,2025-06-28 08:52:25 -0700,activate windows 10,<p>activate windows 10 </p>,firefox;settings;,firefox,settings,en-US,"",pamelajking
1519569,2025-06-28 08:48:16 -0700,2025-06-28 08:48:16 -0700,History wiped on exit with options not working as per requirements.,"<p>Ok so I usually choose these option to remember history and from time to time delete Browsing &amp; download history and Temporary cached files and pages.  </p><p><a href=""https://assets-prod.sumo.prod.webservices.mozgcp.net/media/uploads/images/2025-06-28-08-45-55-a5277f.png"" rel=""nofollow"">https://assets-prod.sumo.prod.webservices.mozgcp.net/media/uploads/images/2025-06-28-08-45-55-a5277f.png</a> </p><p>Note: I have ""Open previous window and tabs"" ticked in general settings which also has a restore previous session option in the history menu. This brings back previous session with tabs etc as is when I close FF. <a href=""https://assets-prod.sumo.prod.webservices.mozgcp.net/media/uploads/images/2025-06-28-08-45-51-cf2daf.png"" rel=""nofollow"">https://assets-prod.sumo.prod.webservices.mozgcp.net/media/uploads/images/2025-06-28-08-45-51-cf2daf.png</a> </p><p>I thought I could automate this on exit but don't think its working right. So I change the option to ""use custom settings for history"" and tick all three options: </p><p>Remember browsing and download history Remember search and form history Clear history when Firefox closes For ""Clear history when Firefox closes"" I ticked Browsing &amp; download history and Temporary cached files and pages. <a href=""https://assets-prod.sumo.prod.webservices.mozgcp.net/media/uploads/images/2025-06-28-08-45-43-b10213.png"" rel=""nofollow"">https://assets-prod.sumo.prod.webservices.mozgcp.net/media/uploads/images/2025-06-28-08-45-43-b10213.png</a> </p><p>The issue is the restore session option is missing and FF opens with all previous tabs gone. I am frankly not even sure what else is missing such as cookies, site data etc. Is this meant to work like so? </p>",firefox;browse;,firefox,browse,en-US,"",Mrsash
1519568,2025-06-28 08:47:20 -0700,2025-06-28 08:47:20 -0700,laatste update verstoort youtube ?,"<p>Beste, ik werk op macOS 10.14.6 (Mojave) en installeer steeds de updates van Firefox. De update van 2 dagen geleden heeft echter geresulteerd in een onleesbare Youtube-pagina. Ik bedoel dan de hoofdpagina van Youtube, waar je een overzicht krijgt van de clips en shorts ""van de dag."" Daar zijn na de laatste update de letters onleesbaar klein geworden - tenzij ik control-+ verschillende malen intik, maar dan worden de voorbeeld-afbeeldingen van de clips en shorts belachelijk groot... Ik heb al gezocht bij youtube of dat dit aldaar aan te passen is, maar als het al kan vind ik het niet. Aangezien het begonnen is met de laatste Firefox update, schrijf ik hierover dus jullie aan, en hoop dat het met een volgende update terug verdwijnt&nbsp;!? </p><p>Bedankt, Herman </p>",firefox;web-compatibility;,firefox,web-compatibility,nl,"",hervaro
1519567,2025-06-28 08:35:58 -0700,2025-06-28 08:35:58 -0700,all of the year,<p>ok and the  shy </p>,firefox;performance-and-connectivity;,firefox,performance-and-connectivity,en-US,"",mdarafislam955422
1519566,2025-06-28 08:31:17 -0700,2025-06-28 08:31:17 -0700,update,"<p><strong>new 64 bit will not install, the 32 bit they suggested broke everything and lost my data while deleting the previous versions </strong> <strong></strong> </p>",firefox;install-failure;,firefox,install-failure,en-US,"",teeleej2003
1519565,2025-06-28 08:30:23 -0700,2025-06-28 08:30:23 -0700,No Add Ons on the bar,"<p>On a brand new powerful PC just signed in and there's no Add ons showing on this device. </p><p>I have two other devices where i have no issues, but this one... </p><p>What can i do? </p>",firefox-14002;firefox-1400;firefox;add-ons-extensions-and-themes;,firefox,add-ons-extensions-and-themes,en-US,"",moreiraygrosso
1519564,2025-06-28 08:20:53 -0700,2025-06-28 08:20:53 -0700,Recover my lost gmail account,<p>Rahichy61@gmail.com </p>,firefox;backup-recovery-and-sync;,firefox,backup-recovery-and-sync,en-US,"",rahichy60
1519561,2025-06-28 07:50:35 -0700,2025-06-28 07:50:35 -0700,Mozilla Passwords folder,<p>ALL passwords I add to the Mozilla 'Passwords' folder are deleted/wiped out in 24 hours. ONLY my Yahoo sign-in password exists. </p>,firefox;passwords-and-sign-in;,firefox,passwords-and-sign-in,en-US,"",tom168
1519560,2025-06-28 07:48:51 -0700,2025-06-28 07:48:51 -0700,autoloading images,<p>I want images to automatically loaded when I open a webpage. </p>,firefox;browse;,firefox,browse,en-US,"",kfhemness
1519558,2025-06-28 07:31:06 -0700,2025-06-28 07:31:06 -0700,Earning and changing oneself,<p>I would love if you can assist me every thing I need to access and benefit because of your community. Thank you. </p>,firefox;accessibility;,firefox,accessibility,en-US,"",tseguwellemariam
1519557,2025-06-28 07:20:09 -0700,2025-06-28 07:20:09 -0700,makdjejhe,<p>Am cool </p>,firefox;accounts;,firefox,accounts,en-US,"",oliviabrownlenny
1519556,2025-06-28 07:16:43 -0700,2025-06-28 07:16:43 -0700,mataahejd,<p><strong>i am a good boy </strong> </p>,firefox;accounts;,firefox,accounts,en-US,"",oliviabrownlenny
1519555,2025-06-28 07:14:56 -0700,2025-06-28 07:14:56 -0700,Firefox icon appears with other apps but will not open,<p>can you show me how to open Firefox from the icon bottom of screen?  Thankew </p>,firefox;launch-failure;,firefox,launch-failure,en-US,"",walterhenry3606
1519554,2025-06-28 07:12:08 -0700,2025-06-28 07:12:08 -0700,اريد الحصول علا الجواهر من لعبة لودوستار انا احب لعبة لودوستار مثل قلبي ❤,<p>اريد الحصول علا الجواهر من لعبة لودوستار انا احب لعبة لودوستار مثل قلبي ❤ </p>,firefox;settings;,firefox,settings,en-US,"",739024372a
1519552,2025-06-28 07:03:39 -0700,2025-06-28 07:10:07 -0700,"Firefox is blocking too many articles and emails from my computer.  I subscribe to The Washington Post, and Firefox  refuses to open some articles!  How can I tell Firefox to stop blocking articles from sources and websites I receive?","<p>How can I get Firefox to stop blocking articles from perfectly reliable sources I subscribe to, such as The Washington Post? </p>",firefox;tracking-protection;,firefox,tracking-protection,en-US,1745450;,etmdav
1519551,2025-06-28 06:49:24 -0700,2025-06-28 06:49:24 -0700,Why was my account locked for security reasons?,<p>I can't log in to my account because it's locked for security reasons. </p>,firefox;passwords-and-sign-in;,firefox,passwords-and-sign-in,en-US,"",abdosaya123654
1519550,2025-06-28 06:42:40 -0700,2025-06-28 06:42:40 -0700,Update problem,<p>Firefox browser doesn't recognize that I have Windows 11 and won't let me update. It thinks I have an earlier version. Third attempt to get a reply on this. Checked Junk mail folder. email is tomhiggins1@hotmail.com. </p>,windows-11;firefox;installation-and-updates;,firefox,installation-and-updates,en-US,"",tomhiggins11
1519548,2025-06-28 06:39:23 -0700,2025-06-28 06:39:23 -0700,FIREFOX RETURNS ALL SEARCHES FOR USA NOT UK,<p>All my searches return results for $/USA no GBP/UK </p>,firefox;search;,firefox,search,en-US,"",nick.mortel
1519547,2025-06-28 06:38:15 -0700,2025-06-28 06:38:15 -0700,Not able to open some links,<p>Not able to open some links </p>,firefox;links;,firefox,links,en-US,"",jipson.babu7
1519546,2025-06-28 06:26:47 -0700,2025-06-28 06:26:47 -0700,Firefox tabs keeps crashing,"<p>Hello everyone, </p><p>I usually use youtube so the tab with youtube keeps crashing very often, but i think it happens it all webpages.  </p><p>Here is the report bp-609d9162-75a0-4a6c-b65a-544480250628 <a href=""https://crash-stats.mozilla.org/report/index/609d9162-75a0-4a6c-b65a-544480250628"" rel=""nofollow"">https://crash-stats.mozilla.org/report/index/609d9162-75a0-4a6c-b65a-544480250628</a> with troubleshoot mode.  </p><p>I m currently using the 140.0.2 (64-bit) of firefox on EndeavouOS.  </p><p>(Ironically enough the firefox froze while writing this) </p><p>What should I do to stop the tabs from crashing?  </p><p>Thanks </p>",firefox-14002;firefox-1400;firefox;performance-and-connectivity;,firefox,performance-and-connectivity,en-US,"",magaropo123
1519544,2025-06-28 06:03:51 -0700,2025-06-28 14:06:45 -0700,sync to iphone,"<p>Sync instructions on desktop browser include: Sync Firefox on your phone or tablet 1. Open Firefox on your mobile device. 2. Go to the menu ( on iOS or on Android) and tap Sync and save data 3. Tap Ready to Scan and hold your phone over this code </p><p>There is no ""Sync and save data"" that I can see on menu </p>",firefox;sync-configuration;mobile;,firefox,sync-configuration,en-US,1745439;1745452;1745509;1745514;1745518;1745523;,jastateh
1519543,2025-06-28 05:49:47 -0700,2025-06-28 05:49:47 -0700,Doubt upon I am getting attack by malware apps,<p>Can you check my phone accounts and some suspicious or abnormal condition of my phone screen </p>,firefox;accessibility;,firefox,accessibility,en-US,"",gurunglama123q
1519540,2025-06-28 05:11:48 -0700,2025-06-28 05:15:45 -0700,add on diffrent ai to chat,<p>Add on difrent type of chat ai to help the user in each section that they looking to get help from. It could be wrighting an email to plan a holiday or shooping trip to little drive after dinner ext </p>,firefox;undefined;,firefox,undefined,en-US,1745426;,jasbirsinghbajuha
1519539,2025-06-28 05:10:46 -0700,2025-06-28 05:10:46 -0700,Search Engines,<p>Alternative search engines no longer appear when typing the stasrt of a search.  Am able to set alternative search engine in settings but need to go back to settings if I want to use another one.  This happened after a recent update - perhaps as much as a week ago. </p>,windows-10;firefox-14002;firefox-1400;firefox;search-suggestions;,firefox,search-suggestions,en-US,"",mike77
1519538,2025-06-28 05:08:52 -0700,2025-06-28 13:29:49 -0700,Certain Sites Not Loading Properly on Firefox Compatibility Issue?,"<p>Hi Mozilla Community, I’ve noticed that several websites don’t function properly on Firefox, especially when it comes to form submissions, dropdown menus, or login buttons not responding. For example, while testing my own pet blog <a href=""https://pawbreed.com"" rel=""nofollow"">https://pawbreed.com</a>, which provides dog breed guides and care tips, some users reported layout issues and broken navigation only on Firefox Chrome and Edge load it perfectly. I’ve also experienced similar problems on sites like Blick Art Supplies and state tax portals. </p><p>Could this be related to specific browser settings, add-ons, or compatibility modes? I’ve tried clearing cache and disabling extensions but the issues persist. Is there a best practice for ensuring cross-browser compatibility, particularly with Firefox? Any advice would be greatly appreciated. </p><p>Thanks! </p>",firefox;web-compatibility;needsinfo;,firefox,web-compatibility,en-US,1745510;,seoexpertpropaktech
1519537,2025-06-28 04:59:03 -0700,2025-06-28 05:05:17 -0700,Mozilla not working for many sites,"<p>When I try to do certain functions, filling out a form for an organization, accessing my account with Blick Art Supplies, Paying estimated taxes with the state of Michigan, none of them work on Mozilla, but if I go to Chrome, all of them work fine. </p>",firefox;web-compatibility;,firefox,web-compatibility,en-US,1745423;,dennishgordon
1519536,2025-06-28 04:49:58 -0700,2025-06-28 04:49:58 -0700,Did Not Connect: Potential Security Issue,<p>Did Not Connect: Potential Security Issue </p>,firefox-13904;firefox-1390;firefox;web-certificates;,firefox,web-certificates,en-US,"",ponregajehanabad
1519532,2025-06-28 04:28:26 -0700,2025-06-28 04:28:26 -0700,how to hack?,<p>how to hack the account of boaz balmonte? </p>,firefox;accounts;,firefox,accounts,en-US,"",linzvelayo08
1519531,2025-06-28 04:25:42 -0700,2025-06-28 07:19:02 -0700,Segnalibri da recuperare,"<p>Ho appena fatto formattare il PC, ma, per una incomprensione con il tecnico che ha fatto l'operazione, non sono stati salvati i ""preferiti"" che avevo creato su Firefox. Come posso recuperarli avendo il vs account? Grazie. </p>",firefox;recover-data;,firefox,recover-data,it,1745455;,daimon50
1519529,2025-06-28 04:09:36 -0700,2025-06-28 04:31:57 -0700,stop updates,"<p>how do i completely stop updates? or at least until i restart the browser, not the browser making me restart it. i have it set to ""Check for updates but let you choose to install them"", but its not really a choice if im forced to press the button to continue browsing... </p><p>it happens twice a day that firefox prevents me browsing and makes me wait 30 seconds for it to update after clicking the ""restart firefox and update"" button. very frustrating. </p>",firefox;installation-and-updates;,firefox,installation-and-updates,en-US,1745411;,ridai.nova
1519527,2025-06-28 03:41:54 -0700,2025-06-28 03:41:54 -0700,About a Possible Display Bug in Firefox on macOS,"<p>Hi everyone,  </p><p>I'm using the Firefox browser (version 128.11.0esr (64-bit)) on MacOS (version 15.5 (24F74)) and experiencing a possible display bug in the ChatGPT website’s project window (as the attached Image-1.jpg shows). </p><p>When a self-defined ChatGPT project contains multiple chats, which means the right part of the website page needs to be scroll-able to show all its chats, it seems that it cannot be scrolled using Firefox, and no scrollbar appears. Yet I noticed that the chat list on the left can be scrolled normally. </p><p>Besides, I had another try using Chrome, and it work fine there (as shown in attached Image-Chrome.jpg.) </p><p>It's quite annoying since I have to switch to Chrome—not my default Firefox—to completely explore all my chats every time. Could someone please verify this and fix it if it is not just on my end? </p>",firefox;web-compatibility;,firefox,web-compatibility,en-US,"",mikasajager
1519526,2025-06-28 03:40:12 -0700,2025-06-28 03:40:12 -0700,Instagram verify code,<p>I want my Instagram 8 digit recovery code </p>,firefox;backup-recovery-and-sync;,firefox,backup-recovery-and-sync,en-US,"",rajeshrathore7096
1519525,2025-06-28 03:39:01 -0700,2025-06-28 03:39:01 -0700,ethons,<p>ethos come </p>,firefox;accounts;,firefox,accounts,en-US,"",bm.tarwara
1519524,2025-06-28 03:38:09 -0700,2025-06-28 03:38:09 -0700,lllk;jghilupo[iptfunimu,<p>jkjhkkl </p>,firefox;accounts;needsinfo;,firefox,accounts,en-US,1745404;,kataravalsingh3
1519523,2025-06-28 03:35:46 -0700,2025-06-28 04:43:44 -0700,My copy of Firefox portable does not update to latest version,"<p>Dear Mozilla, </p><p>Have a copy of Firefox portable, that I use on a USB stick.  Before Firefox 140, it updated properly.  Now, I find that it keeps staying on version 135, even though it keeps telling me it has updated to the latest version.  Puzzled by this. Can you please advise me on this problem? </p><p>Marek Wesolowski </p>",firefox-1350;firefox;installation-and-updates;,firefox,installation-and-updates,en-US,1745412;,MAREK_WES
1519520,2025-06-28 03:16:16 -0700,2025-06-28 05:22:54 -0700,Sudden Display Issue - Unreadable bookmarks,"<p>My Firefox bookmarks suddenly appear in black text on a black background, making them almost unreadable. How can I fix this? </p>",firefox;browser-appearance;,firefox,browser-appearance,en-US,1745413;1745428;,laurentarchimbaud
1519519,2025-06-28 03:09:32 -0700,2025-06-28 03:09:32 -0700,regarding third party cookies,<p><strong>bold text</strong> how do i give allow to third party cookies </p>,firefox;privacy-and-security_1;,firefox,privacy-and-security,en-US,"",charan.22bce9434
1519518,2025-06-28 02:57:02 -0700,2025-06-28 02:57:02 -0700,privacy and security,<p>privacy and security </p>,firefox;privacy-and-security_1;,firefox,privacy-and-security,en-US,"",krlahuajhak
1519517,2025-06-28 02:55:03 -0700,2025-06-28 02:55:03 -0700,downlad,<p>aijazyar2 </p>,firefox;accounts;,firefox,accounts,en-US,"",aijazyar2
1519516,2025-06-28 02:40:01 -0700,2025-06-28 02:40:01 -0700,Dynamic Refresh Rate not working,<p>I have a 120Hz display with dynamic refresh rate enabled in the Windows settings (48Hz-120Hz). With dynamic refresh rate enabled Firefox locks browsing at 60Hz. With dynamic refresh rate disabled Firefox shows all websites at 120Hz.  Due to battery efficiency reasons I would like to use dynamic refresh rate but still use Firefox with 120Hz across all websites. Is there a hidden setting which I have missed?  Thanks! </p>,firefox;app-responsiveness;,firefox,app-responsiveness,en-US,"",jusstaeheli
1519515,2025-06-28 02:31:34 -0700,2025-06-28 02:31:34 -0700,Warning: Potential Security Risk Ahead,<p>Warning: Potential Security Risk Ahead </p>,firefox;privacy-and-security_1;,firefox,privacy-and-security,en-US,"",bdoichak
1519513,2025-06-28 01:54:28 -0700,2025-06-28 01:54:28 -0700,contraseña de Mozilla Firefox,<p>Cual es la contraseña de Mozilla Firefox? </p>,firefox;passwords-and-sign-in;,firefox,passwords-and-sign-in,es,"",luisvictorino
1519512,2025-06-28 01:51:06 -0700,2025-06-28 04:46:41 -0700,How to disable this suggestion box in Firefox,"<p>How do I remove this annoying box? </p><p>And before anyone ask that is not visual glitch, I just censor the text it save, because it is saving my recovery code for my Google account 💀 </p><p>Anyway how to disable that annoying box? And for good </p>",firefox;password-autofill;,firefox,password-autofill,en-US,1745414;,Mr.meme
1519511,2025-06-28 01:38:54 -0700,2025-06-28 01:38:54 -0700,taalkeuze,<p>Bij de laatste firefox update krijg ik Engelse menu's en kan geen Nederlands meer instellen in settings. Engels is de enige mogelijkheid!!! Graag herstel </p>,firefox;languages;,firefox,languages,nl,"",rogacw
1519510,2025-06-28 01:20:34 -0700,2025-06-28 04:01:08 -0700,firefox momentarily shows cookie preference,"<p>firefox momentarily shows cookie preference, then the dialog box disappears. </p><p>If I enter trouble shoot mode then the popup box appears long enough for me to accept cookies, but given the momentary popup sometimes is so fast you miss it, I have no idea if that is the cause of some sites not working. </p>",firefox;cookies;,firefox,cookies,en-US,1745407;,mj.ward
1519509,2025-06-28 01:19:40 -0700,2025-06-28 03:15:36 -0700,Why can't I connect to Wikipedia.org?,"<p>Instead I get screen that says: </p><p><br> Secure Connection Failed </p><p>An error occurred during a connection to <a href=""http://www.wikipedia.org"" rel=""nofollow"">www.wikipedia.org</a>. PR_CONNECT_RESET_ERROR </p><p>Error code: PR_CONNECT_RESET_ERROR </p><pre>   The page you are trying to view cannot be shown because the authenticity of the received data could not be verified.    Please contact the website owners to inform them of this problem. </pre>",firefox;web-certificates;,firefox,web-certificates,en-US,1745402;,sxallc
1519507,2025-06-28 00:38:38 -0700,2025-06-28 00:38:38 -0700,Stop browser suggestions,<p>Browser is suggesting sites I don’t want to see </p>,firefox;search-suggestions;,firefox,search-suggestions,en-US,"",chrisrmoore
1519505,2025-06-28 00:21:52 -0700,2025-06-28 04:48:20 -0700,printing Firefox pages,<p>Add print fonction </p>,firefox;print;,firefox,print,en-US,1745416;,filaliradi
1519504,2025-06-28 00:00:20 -0700,2025-06-28 00:00:20 -0700,SEC_ERROR_REVOKED_CERTIFICATE,<p>SEC_ERROR_REVOKED_CERTIFICATE solve this error </p>,firefox;web-certificates;,firefox,web-certificates,en-US,"",sssumankumar90
1519503,2025-06-27 23:54:53 -0700,2025-06-27 23:54:53 -0700,Josué Ramirez,<p>No puedo validar mi INE </p>,firefox;accounts;,firefox,accounts,en-US,"",bananoramirez082
1519502,2025-06-27 23:41:15 -0700,2025-06-27 23:41:15 -0700,123456789,<p>hi google </p>,firefox;privacy-and-security_1;,firefox,privacy-and-security,en-US,"",kaleshrmg
1519499,2025-06-27 22:07:51 -0700,2025-06-27 22:07:51 -0700,downloads.download deletes file?,"<p>I'm writing an extendion wich needs to download a file: </p><p>```js </p><pre>   let url = URL.createObjectURL(new Blob([content + '\n'])); </pre> <pre>   try {        const id = await browser.downloads.download(            {                filename: ""some_name"",                saveAs: false,                conflictAction: ""overwrite"",                url: url            }        ); </pre> <pre>       await browser.downloads.erase({id: id});    } finally {        URL.revokeObjectURL(url);    } </pre> <p>``` </p><p>If the file does not exist yet, it works great. If the file exists but is exactly the same, it still works. But if there is a need to override the file with different content, the file gets deleted and it is not being replaced.  </p><p>According to inotifywait, the new file IS created, but immediately deleted. </p><p>Do I understand something wrong? What am I supposed to do? </p>",firefox-1400;firefox;download-and-save;,firefox,download-and-save,en-US,"",Dekakaruk
1519498,2025-06-27 22:04:07 -0700,2025-06-28 00:34:45 -0700,do not track is required,"<p>I need privacy of ""do not track"". </p>",firefox;tracking-protection;,firefox,tracking-protection,en-US,1745384;,Bandali
1519497,2025-06-27 21:41:24 -0700,2025-06-27 21:41:24 -0700,fateme,<p>fateme </p>,firefox;browse;,firefox,browse,en-US,"",rezaeefateme634
1519496,2025-06-27 21:24:54 -0700,2025-06-27 21:24:54 -0700,file not open,<p><strong>bold text</strong> </p>,firefox;download-and-save;,firefox,download-and-save,en-US,"",baisarojina
1519495,2025-06-27 21:12:54 -0700,2025-06-27 21:12:54 -0700,No he podido identificarme con mi DNIe ni con mi FNMT,<p>No he podido aceder a la web de la agencia tributaria. Ambos certificados son reconocidos por firefox. Sí he podido con Edge. ¿Por qué? </p>,firefox;web-compatibility;,firefox,web-compatibility,es,"",Andross
1519493,2025-06-27 20:49:15 -0700,2025-06-28 07:09:55 -0700,Why is Firefox no longer opening previous windows and tabs on startup?,"<p>All of the sudden Firefox no longer opening previous windows and tabs on startup, which is how I have had it set up forever. </p><p>The last few days, instead of opening previous windows and tabs when I launch FF, it opens mu Home Page. I then have to ""reopen previously-closed windows "" or ""restore previous session."" </p><p>Regardless of which I choose, I then have to manually close the first FF instance (the one with the single tab - my home page). Then when I'm done with my browser and I X out of it (or Exit"" out), when I come back in the same thing happens - I'm presented with my home page, not my open tabs. </p>",windows-11;firefox-14002;firefox-1400;home-screen;,firefox,home-screen,en-US,1745449;,craigj1
1519492,2025-06-27 20:48:25 -0700,2025-06-27 20:48:25 -0700,Sourabh Varkade,<p><strong>bold text</strong> </p>,firefox;download-and-save;,firefox,download-and-save,en-US,"",sourabhvarakade
1519490,2025-06-27 20:46:58 -0700,2025-06-27 20:46:58 -0700,the shortcuts on page doesnt wont let me add shortcuts,<p>in the shortcuts under search bar it wont show an add shortcut anymore it wont let me add how can i fix </p>,firefox;new-tab;,firefox,new-tab,en-US,"",p.mulone
1519489,2025-06-27 20:39:12 -0700,2025-06-27 20:39:12 -0700,pch.com,"<p>unable to play games on <a href=""http://pch.com"" rel=""nofollow"">pch.com</a>.  Apparently firefox has a certificate problem with <a href=""http://pch.com"" rel=""nofollow"">pch.com</a>. </p>",firefox;web-certificates;,firefox,web-certificates,en-US,"",nelva69
1519484,2025-06-27 19:59:40 -0700,2025-06-27 20:23:06 -0700,FireFox crashes sometimes when playing Amzon Prime Movies with no crash report nor anything in about:crashes,<p>I wasn't sure what to select for the type of question so you can move it if you think another type would be better. I would have selected crashes but that isn't an option. </p><p>It happened again a few minutes ago while watching Star Trek First Contact. The Phoenix was about to go to warp and Firefox CTD with no crash reporter and when I looked in about:crashes there was no crash report. This exact situation happened twice while watching the  movie Signal unknown or whatever the title is. </p>,firefox-14001;firefox-1400;app-crash;,firefox,app-crash,en-US,1745352;,Steve7253
1519483,2025-06-27 19:23:59 -0700,2025-06-27 19:23:59 -0700,Tabs have no boxes around each one,<p>I no longer have separation boxes around each tab </p>,firefox;browser-appearance;,firefox,browser-appearance,en-US,"",ronaboat
1519481,2025-06-27 19:18:03 -0700,2025-06-27 19:18:03 -0700,csc id,<p>Csc is login </p>,firefox;accounts;,firefox,accounts,en-US,"",barjahankhan94
1519480,2025-06-27 19:05:35 -0700,2025-06-27 19:05:35 -0700,Wa tokopedia seller center,"<p>Untuk menghubungi Tokopedia Seller melalui WhatsApp, Anda bisa menghubungi Nomor 0822-2117-2517. untuk bantuan 24/7 jam terkait transaksi atau penggunaan Tokopedia </p>",firefox;browse;,firefox,browse,en-US,"",raharusun1985
1519479,2025-06-27 19:05:11 -0700,2025-06-27 19:05:11 -0700,Wa tokopedia seller center,"<p>Untuk menghubungi Tokopedia Seller melalui WhatsApp, Anda bisa menghubungi Nomor 0822-2117-2517. untuk bantuan 24/7 jam terkait transaksi atau penggunaan Tokopedia </p>",firefox;browse;,firefox,browse,en-US,"",raharusun1985
1519478,2025-06-27 19:04:30 -0700,2025-06-27 19:04:30 -0700,Wa tokopedia seller,"<p>Untuk menghubungi Tokopedia Seller melalui WhatsApp, Anda bisa menghubungi Nomor 62.822.2117.2517. untuk bantuan 24/7 jam terkait transaksi atau penggunaan Tokopedia. </p>",firefox;search-tag-and-share;needsinfo;,firefox,search-tag-and-share,en-US,1745338;,raharusun1985
1519477,2025-06-27 18:47:31 -0700,2025-06-27 18:47:31 -0700,BOOKMARK/HISTORY NOT FUNCTIONAL,<p>How can I get the bookmark and history not functioning fix? </p>,firefox;browse;,firefox,browse,en-US,"",5cnkdcjspn
1519471,2025-06-27 18:13:42 -0700,2025-06-27 18:13:42 -0700,when doing a history search how many results can be displayed?,<p>when doing a history search how many results can be displayed? </p>,windows-10;firefox;search-tag-and-share;,firefox,search-tag-and-share,en-US,"",carolyoung47
1519470,2025-06-27 17:30:21 -0700,2025-06-28 10:45:55 -0700,"graphics API ""WebGL 2""","<p>The Governor of Poker site gives me an error message when I try to log in with Firefox: </p><p>Your browser does not support graphics API ""WebGL 2"" which is required for this content. </p><p>Not a problem with Google, Edge or other browsers.  </p><p>Graphics Acceleration is turned on.  </p><p>Any other thoughts? </p>",firefox;web-compatibility;,firefox,web-compatibility,en-US,1745445;1745465;1745467;1745490;,db_lewis
1519469,2025-06-27 17:24:56 -0700,2025-06-27 23:15:56 -0700,Custom/Quick Search navigation via keyboard (or lack thereof) in newest update,"<p>I love FF and I appreciate the intentions behind the new update for quick/custom search engines in Firefox 140, but I can't help but notice that the new UI for custom search engines requires the user to manually click on various buttons and does not allow one to navigate the process via keyboard only. (Unless I'm missing something?) Prior to this UI update, I was able to fully navigate the drop-down and select my custom search engine of choice using only my arrow keys and enter key. Now, the ""search with XYZ"" button that pops up if you type the site name is only selectable if you click on it, and cannot be highlighted with the arrow keys. </p><p>I am not personally disabled in a way that prevents me from using my trackpad, but having to stop what I'm typing and go out of my way to click on various UI elements is a real stymie in terms of flow, ease of use, and efficiency. At least for me. </p><p>Is there some kind of secret key combo I can use? Or an about:config setting to enable keyboard navigation in custom searches? Is it a bug? Or simply the removal of a feature? </p><p>I hope I will be able to use my arrow keys to select my search engine again in the future— Thanks </p>",firefox;accessibility;,firefox,accessibility,en-US,1745374;,eiedail
