id,created,updated,title,content,tags,product,topic,locale,answers,creator
1477537,2024-12-06 14:41:11 -0800,2024-12-06 14:47:37 -0800,You need to allow loading of Google reCaptcha service to prevent spam attacks. Please check your Privacy Settings,<p>I have been trying for the past 3 days and it keeps bouncing back with this error.. You need to allow loading of Google reCaptcha service to prevent spam attacks. Please check your Privacy Settings  </p><p>I have tried it on 3 different laptops and my android phone and it won't work on any of them&nbsp;:( </p><p>What do I have to do to fix this? </p><p>Thanks </p>,firefox;privacy-and-security_1;,firefox,privacy-and-security,en-US,1692546;,Glenfelik
1477534,2024-12-06 14:24:24 -0800,2024-12-06 14:24:24 -0800,Firefox hangs when merchant page transfers to Paypal,"<p>Paypal hangs when transferred from vendor site to complete purchase. Relaunching Firefox in troubleshooting mode resolves issue. Also works with Safari. What's wrong, what needs to be changed? </p>",firefox;performance-and-connectivity;firefox-1330;,firefox,performance-and-connectivity,en-US,"",jon857
1477533,2024-12-06 13:23:23 -0800,2024-12-06 13:26:00 -0800,Remap Existing Keyboard Shortcuts in Firefox v.133.0 for macOS,"<p>I tried to remap the Tools &gt; Page Info shortcut from <em>Cmd + I</em> to <em>Ctrl + Opt + Cmd + I </em> in macOS keyboard settings, however, despite the keyboard shortcut listed beside Page Info appearing to change, ""Cmd + I"" still brings up Page Info.   </p><p>I read on another [<a href=""https://support.mozilla.org/en-US/questions/1287036"" rel=""nofollow"">https://support.mozilla.org/en-US/que.../1287036</a>] post that the Shortkeys extension might help but the developer info page states that default keyboard shortcuts cannot be modified with the extension.   </p><p>Creating an autoconfig file was also suggested [<a href=""https://support.mozilla.org/bm/questions/1381773"" rel=""nofollow"">https://support.mozilla.org/bm/questi.../1381773</a> elsewhere, but I don't seem to have a defaults/pref directory in Contents/Resources inside Firefox.app.  A guide on what to put in these files to change the default keyboard shortcut for <em>Page Info</em> would also be appreciated. </p>",settings;firefox;,firefox,settings,en-US,"",Train01
1477531,2024-12-06 13:16:37 -0800,2024-12-06 13:16:37 -0800,DESDE QUE MONTEI A RÁDIO FAÇO USO DO SITE AGORA TO TENDO PROBLEMAS  PARA ASSESSAR,<p>TO FORA DO AR QUERO MEU SITE DEVOLTA EU CADASTREI ELE ASSIM </p>,firefox;privacy-and-security_1;,firefox,privacy-and-security,pt-BR,"",fabiocristianocandidoc
1477530,2024-12-06 13:16:24 -0800,2024-12-06 13:17:21 -0800,Discord Voice Chat Stopped Working,"<p>For around a week, I've had issues with Discord Voice Chat on Firefox that I don't believe I've had before the latest update. Whenever I try to connect to Voice Chat, I can see Discord picking up my audio, but I can't hear anything from other people in voice chat nor can they hear me. I can hear sounds and music from Discord itself outside of voice chat. </p><p>I believe this is a Firefox issue since I can still access Discord Voice Chat through other browsers like Opera. </p><p>I've tried downgrading and it still has the same issue, and also going into troubleshooting mode. Nothing has worked, except for deleting Discord's cache, but that stopped working too. </p><p>If anyone needs other details let me know and I can provide it to the best of my abilities, thank you </p>",firefox;performance-and-connectivity;,firefox,performance-and-connectivity,en-US,"",ethanyvelta
1477529,2024-12-06 13:06:48 -0800,2024-12-06 13:06:48 -0800,black pages in pdf files,"<p>i'm on windows. Suddenly, PDF files that I open have black pages. I checked that the default setting is to open pdf files in Firefox, as always. refreshing doesnt work. Any ideas what is wrong? </p>",firefox;performance-and-connectivity;,firefox,performance-and-connectivity,en-US,"",fickermaryann
1477528,2024-12-06 13:03:48 -0800,2024-12-06 13:03:48 -0800,Firefox 133.0 on Intel Mac does not show any extensions on toolbar,"<p>I did a search to try and fix this. Suggestions included, checking if Private Windows are on, Customizing Toolbar, making sure all extensions are enabled and Refresh Firefox, all of which I did with no results. Before I go nuclear and uninstall/install Firefox, are there any other suggestions to solve this issue? </p>",settings;firefox;firefox-1330;,firefox,settings,en-US,"",dicky109
1477527,2024-12-06 12:47:42 -0800,2024-12-06 12:47:42 -0800,passwords,<p>Where have all my saved passwords gone? wiped out </p>,firefox;privacy-and-security_1;,firefox,privacy-and-security,en-US,"",kenk3436
1477525,2024-12-06 12:38:18 -0800,2024-12-06 12:38:18 -0800,Can't access camera in Firefox.,<p>The camera won't turn on in the Firefox browser for Google Meet or Zoom.  It says it can't find the camera or that it's turned off.  I have checked my Windows 11 settings and desktop apps have access to the camera.  I have also checked the settings for each of the sites and use of the camera and microphone are allowed.  Autoplay is enabled too.  The camera works fine in other apps and in other browsers. </p>,firefox;privacy-and-security_1;,firefox,privacy-and-security,en-US,"",searoc82
1477524,2024-12-06 12:35:47 -0800,2024-12-06 12:46:01 -0800,Firefox Labs,"<p>When I downloaded Firefox again, it gave me a nice option called “VerticalTabs”. I could also see this option in FirefoxLabs, but when I had to delete Firefox due to a bug on my computer, I could no longer see it in FirefoxLabs. Also, FirefoxLabs used to have an artificial intelligence add-on called ChatBot, but now it is gone. What is the reason? </p>",settings;firefox;,firefox,settings,en-US,1692534;,arda.dik
1477523,2024-12-06 12:29:07 -0800,2024-12-06 14:37:24 -0800,how to add users to my account,<p><strong>bold text</strong> </p>,firefox;accounts;,firefox,accounts,en-US,1692544;,dianad526
1477522,2024-12-06 12:24:11 -0800,2024-12-06 12:24:11 -0800,On Win11 restart - Firefox moves all previous windows to secondary monitor,"<p>Windows 11 24H2 </p><p>On computer restart or program restart, firefox moves all previous windows from primary monitor to secondary monitor. </p><p>Before restart, I usually have 10+ windows open on primary monitor and 1-3 windows open on secondary monitor. After restart, all windows are opened on secondary monitor and I manually move them each to the primary monitor. It seems like they open on primary monitor, but immediately move to the secondary monitor. </p><p>If I make each individual window a small window on its corresponding monitor and shut down firefox, the windows will open on the correct monitor on the next restart...but if those windows are minimized, they will open on the wrong monitor on restart. </p><p>Is there any way to fix this or automate the window moving process? </p><p>Thanks </p>",firefox;performance-and-connectivity;,firefox,performance-and-connectivity,en-US,"",hlp599
1477520,2024-12-06 12:00:44 -0800,2024-12-06 12:00:44 -0800,Yahoo not displaying properly in Firefox,"<p>Title of emails not displaying. No option for ""settings"" </p><p>Works fine in Chrome. </p>",firefox;performance-and-connectivity;firefox-1330;,firefox,performance-and-connectivity,en-US,"",af6ec1
1477519,2024-12-06 11:55:59 -0800,2024-12-06 11:55:59 -0800,CPU still an issue after all this time,"<p>I really like Firefox - I just have to say that up front.  I don't want to have to change to another browser, but... </p><p>I see articles going back to at least 2020 about CPU usage running up to 100% and multiple processes open that at least double or triple the number of tabs that are open.  My recent experience is that this phenomenon is getting worse and I'm wondering if it will ever be resolved, or if I have to look elsewhere. </p><p>Thanks </p>",firefox;performance-and-connectivity;,firefox,performance-and-connectivity,en-US,"",kusankusho
1477517,2024-12-06 11:44:50 -0800,2024-12-06 12:49:30 -0800,my zip code keeps changing on Firefox but not on MS Edge,"<p>My zip code changes constantly when I sign into accounts such as Costco, Sams, Home Depot. I correct the zip and when I sign out and back in, it's changed again. I had Geek Squad run a diagnostic and they said it's a Firefox issue. When I use MS Edge, the zip code does not change. Can I get help with this issue? </p><p>Theresa Franco <strong>Phone number removed for privacy</strong> </p>",settings;firefox;,firefox,settings,en-US,"",trmf3
1477515,2024-12-06 11:18:52 -0800,2024-12-06 11:18:52 -0800,Onglet internet,"<p>Bonsoir, </p><p>J'ai plus les onglets internets qui s ouvrent au dessus de ma page mais sur mon onglet épinglé. Comment faire pour y remedier? </p><p>Cordialement, </p>",firefox;browse;,firefox,browse,en-US,"",nikoko35
1477513,2024-12-06 10:53:23 -0800,2024-12-06 10:53:23 -0800,"Gridlines of graph are ""fuzzy""","<p>Hi, On a particular website that I frequent the grid of a graph being displayed are ""fuzzy"".  When I view the site with Edge, it looks fine.  I recently upgraded from v127 to v133 and am now experiencing the issue.  I am running on Windows 10 Pro.  </p><p><a href=""https://h2-ca.com/station?id=16757"" rel=""nofollow"">https://h2-ca.com/station?id=16757</a> </p><p>TIA </p>",firefox;browse;,firefox,browse,en-US,"",bruhata-mozilla
1477512,2024-12-06 10:51:32 -0800,2024-12-06 10:51:32 -0800,downloadhelper,<p>cant download download helper </p>,firefox;browse;,firefox,browse,en-US,"",p60367922
1477509,2024-12-06 10:35:53 -0800,2024-12-06 10:38:53 -0800,GPS location is wrong,<p>GPS location is sometimes wrong </p>,firefox;privacy-and-security_1;,firefox,privacy-and-security,en-US,1692517;,Bensmooth
1477508,2024-12-06 10:29:25 -0800,2024-12-06 10:29:25 -0800,too much memory,"<p>Hello,   </p><p>I am using the Firefox browser with the uBlock Origin ad blocker. About six months ago, I was able to open multiple windows simultaneously without any memory issues. However, recently I’ve noticed that even when I open just a single window, over time, my RAM usage climbs to nearly 98% of my 16GB memory.   </p><p>I’ve tried restarting my entire computer, but it didn’t help. I also attempted enabling hardware acceleration, but that didn’t resolve the issue either. I’m not sure what else to do and would greatly appreciate your help.   </p><p>Your browser is incredibly convenient to use, but it’s consuming too many resources, and I’m worried I may have to switch browsers, which I’d hate to do. I moved over from Chrome and was really happy with Firefox.   </p><p>I often use YouTube videos in multiple tabs, but this was never a problem before. I also tried the trick of adding a new system variable and setting it to 1 (to reduce multi-process operations), but that didn’t make a difference either.   </p><p>I’d be grateful for any advice you can provide.   </p><p>Best regards,   Dan </p>",firefox;browse;,firefox,browse,en-US,"",de1227296
1477507,2024-12-06 10:12:20 -0800,2024-12-06 10:12:20 -0800,Firefox on windows won't connect to website,"<p>Yesterday I was on the Newsmax website.  Today Firefox says its not a secure connection and it won't let me go to <a href=""http://Newmax.com"" rel=""nofollow"">Newmax.com</a>.  I then tried to use the google browser and it went right to <a href=""http://Newmax.com"" rel=""nofollow"">Newmax.com</a> no problem.  I am using Windows 7 like I have been for years.  Please help. Thanks, Al </p>",firefox;performance-and-connectivity;,firefox,performance-and-connectivity,en-US,"",Chevydmax65
1477506,2024-12-06 10:06:20 -0800,2024-12-06 10:57:00 -0800,Firefox updated I lost all my bookmarks,<p>I lost all my important bookmarks when Firefox updated I cant figure out how to get it all back. </p>,firefox;backup-recovery-and-sync;,firefox,backup-recovery-and-sync,en-US,1692523;,lavenderdreams4
1477505,2024-12-06 10:03:14 -0800,2024-12-06 13:08:23 -0800,"Lost Search Bar, Bookmarks and my Menu Bar. Please help.","<p>Lost Search Bar, Bookmarks and my Menu Bar. Please help. </p><p>Thank You, A.Whitman,(Navy Vet.) </p>",firefox;installation-and-updates;,firefox,installation-and-updates,en-US,"",nix2354
1477504,2024-12-06 09:21:15 -0800,2024-12-06 09:21:15 -0800,firefox.exe task suspended,"<p>Firefox.exe task is suspended.  I cannot end it with task manager, and I cannot kill it with taskkill.  The message i get is as follows: </p><p>C:\Windows\System32&gt;taskkill /f /pid 4196 ERROR: The process with PID 4196 could not be terminated. Reason: Access is denied. </p><p>Due to this, i cannot completely clean the cache.  Please help </p>",firefox;performance-and-connectivity;,firefox,performance-and-connectivity,en-US,"",rfmmail21
1477496,2024-12-06 08:46:18 -0800,2024-12-06 08:46:18 -0800,PRINTING MARKED PARTS OF A GMAIL,"<p>When i try to print parts of a long g-mail conversation, I mark the part, right cklick on the marking and press ""print marking"" (or whatever it's called in english). Only about 2/3 of the marking is showed in the printing pre view and printed. Works fine in Crome, but I prefere Firefox. I have tried to re-setting firefox, no improvment. What can I do to print what I want? </p><p>Best regards, Johan </p><p><br> </p><p><strong></strong> </p>",settings;firefox;,firefox,settings,en-US,"",johan87
1477494,2024-12-06 08:34:49 -0800,2024-12-06 13:07:01 -0800,Widevine CDM crashes on Udemy,"<p>Widevine CDM crashes whenever we try to watch a video site - <a href=""https://www.udemy.com"" rel=""nofollow"">https://www.udemy.com</a> Crash ID: bp-67a4e067-3c28-4592-afad-2c2540241206 </p>",firefox;performance-and-connectivity;,firefox,performance-and-connectivity,en-US,1692536;,amorales15
1477493,2024-12-06 08:24:51 -0800,2024-12-06 08:52:20 -0800,Compatibility View settings.,"<p>I have a need t view courthouse records in AZ. The Cort Website tells be to go to (In Win 10) Settings then Compatibility View settings. hat must be old information as pertaining to win 10, because my win 10 has nothing even hinting a similarity with that. So, since it's about web viewing the next place I looked on Firefox and again nothing like that. Any suggestions? </p>",firefox;performance-and-connectivity;firefox-1330;,firefox,performance-and-connectivity,en-US,1692479;,deanpennington
1477492,2024-12-06 08:20:02 -0800,2024-12-06 08:20:02 -0800,update firefox for ubuntu,"<p>Hello, </p><p>I'm trying to update to firefox version 133.0.  My O.S. is Ubuntu 20.04.  I've untarred the tarball to ~/firefox/firefox-133.0/.   </p><p>If I startup the new firefox, I receive the following error message: ""<a href=""http://libxul.so"" rel=""nofollow"">libxul.so</a>, undefined symbol: gdk_window_show_menu"". </p><p>I also tried firefox version 120.0, except the result was the same. </p><p>How can I fix this? </p><p>thanks. </p>",firefox;installation-and-updates;,firefox,installation-and-updates,en-US,"",leland.hovey
1477491,2024-12-06 08:14:03 -0800,2024-12-06 13:03:36 -0800,Firefox New Tab page selection of wallpapers,"<p>Why are we limited to 12 stock photos to pick from? I understand when this feature just rolled out it was limited, but it's been a while now. When are we going to be able to upload our own images? Also, it'd really be nice incorporate themes like Chrome does where you could pick from something like nature backgrounds that rotate automatically on your new tabs page. </p>",settings;firefox;,firefox,settings,en-US,1692494;,snutter
1477489,2024-12-06 08:11:19 -0800,2024-12-06 08:11:19 -0800,I am here to try it,<p>Awwwwww </p>,firefox;browse;,firefox,browse,en-US,"",lindabrownx62
1477488,2024-12-06 08:09:11 -0800,2024-12-06 08:17:14 -0800,"""Trattini/underscore"" sotto alcune lettere in impostazioni e grafica del browser","<p>Salve, ho notato che nelle impostazioni e nei testi di sistema sono presenti, in genere sotto la lettera iniziale degli underscore, è possibile toglierli? Grazie </p>",firefox;browse;,firefox,browse,it,1692471;,davide.catta08
1477485,2024-12-06 08:05:01 -0800,2024-12-06 08:05:01 -0800,On loading Flickr freezes,<p>On loading Flickr freezes. OK Edge and Duck duck on edge. </p>,firefox;windows11;performance-and-connectivity;firefox-1330;,firefox,performance-and-connectivity,en-US,"",buster99
1477484,2024-12-06 08:00:57 -0800,2024-12-06 09:07:02 -0800,loging in to my Regions Bank online banking all I get is internal server error.,"<p>When I try to login to my Regions Bank online banking all I get is a blank page with the message ""internal server error."" How do I fix this? </p>",firefox;performance-and-connectivity;,firefox,performance-and-connectivity,en-US,1692489;,codi.renee3n1
1477482,2024-12-06 07:53:31 -0800,2024-12-06 14:41:33 -0800,Thank you!,"<p>Team, I am a longtime user and supporter of FF. I can't tell you how much I love the the layout of Firefox on Windows in v. 133 with the vertical tabs. Just as important is the fantastic, new font rendering. Thank you so much. I used to make multiple adjustments to the font in about:config when I installed FF on Windows. Now, the fonts look fantastic out of the box. Great job, team!  </p><p>Bill Fischer </p>",firefox;needsinfo;installation-and-updates;,firefox,installation-and-updates,en-US,1692497;1692545;,Beeba
1477481,2024-12-06 07:43:36 -0800,2024-12-06 09:13:18 -0800,Incorrect Input,<p>Whenever I use (control + shift + V) to paste to the format in my google sheet it inputs the value into the cell below my selected cell. Please see my attachment. </p><p>It may look like I selected both cells but I made several attempts &amp; got the same result. </p>,firefox;performance-and-connectivity;,firefox,performance-and-connectivity,en-US,1692480;1692492;,jserrano8628
1477478,2024-12-06 07:31:39 -0800,2024-12-06 07:31:39 -0800,Zijbalk,"<p>Geachte medewerk(ster)er, Heb per abuis mijn mozilla firefox verwijderd, inmiddels nieuwe gedownload echter de zijbalk met bladwijzers is niet te zien. Hoe kan ik deze weer terug plaatsen. B.V.D. Ben </p>",firefox;installation-and-updates;,firefox,installation-and-updates,nl,"",blensvelt
1477477,2024-12-06 07:27:13 -0800,2024-12-06 07:27:13 -0800,HOW DO I GET THE MENU BAR AT THE TOP OF THE PAGE,<p>I am setting up my new windows 11 based foxfire page.  My old computer is windows 10 and my firefox page has a menu bar on the top with: file edit view history bookmarks tools help. I can figure out how to do this same thing on my page on this new computer </p>,settings;firefox;firefox-1330;,firefox,settings,en-US,"",docceur13
1477475,2024-12-06 07:16:54 -0800,2024-12-06 07:16:54 -0800,Sidebar extension obscured by webpage,"<p>Hello, After a combined Windows and Firefox update, my sidebar panel that I use to access my tabs and other extensions primarily sits behind the webpage itself. I can still see my tab icons, and when I hover over it to expand I can see that it does in fact expand, but the information is displayed behind the current webpage. I've attached a couple images to show what I mean. In the first image it shows how it normally would look, just the tab icons. In the second it shows how it is behind the webpage. You can see the start of the tab names and at the top you can see that it's expanded, as it's covering the previous, next, refresh buttons.  </p><p>The sidebar extension for the tabs is called Sidebery. </p><pre>Can anyone help me fix this behavior? </pre> <p>Thanks. </p>",firefox;windows-11;browse;,firefox,browse,en-US,"",laferty.kyle
1477474,2024-12-06 07:14:49 -0800,2024-12-06 07:17:37 -0800,No warning when server uses not matching rpid for Passkey usage,<p>When i try to login via Passkey on a server that sends a rpid in the challenge-json that does not match the domain there is only a warning in the console. Why is there no warning where any user can see it e.g. as a Pop-Up? I feel like this might be a way to get users to downgrade from passkey to password in a phishing-attempt.  </p><p>Thanks for your Answers. </p>,firefox;privacy-and-security_1;,firefox,privacy-and-security,en-US,1692451;,simongraefftelekom
1477473,2024-12-06 07:09:09 -0800,2024-12-06 08:13:47 -0800,Firefox downloads wrong file format/type,"<p>Firefox downloads .ai files too often as .pdf files, which, although I can open in Adobe Illustrator and/or change the file suffix to open in Adobve Illustrator instead of it automatically opening in Acrobat (unless I right click into Illustrator), is a hassle and concerns me of unintentional file corruption. I don't know why Firefox is downloading .ai files as .pdf files, but it is impractical and frustrating. None of the file download settings I adjusted fixed the issue. </p><p>Is this a known issue? The only thread/question I found on this type of issue where files get downloaded as the wrong filetype/suffix was an archived question on .ddd files being downloaded as .pdf files. Please let me know if this is something the devs are aware of and can work to fix it. </p>",settings;firefox;,firefox,settings,en-US,1692450;1692460;1692465;1692466;1692467;,the.saralah
1477472,2024-12-06 07:06:52 -0800,2024-12-06 07:06:52 -0800,"Message on Google Meet - ""No Camera Found"" then ""Camera Is Off""","<p>When I try to use Google Meet in Firefox I get the messages ""No Camera Found"" then ""Camera Is Off"".  I have given <a href=""http://meet.google.com"" rel=""nofollow"">meet.google.com</a> access to the camera in Firefox and I have given access to desktop apps to use the camera in my Windows 11 settings.  I'm not sure what's going on.  The camera works fine in Meet if I open Meet in Chrome. </p>",settings;firefox;,firefox,settings,en-US,"",searoc82
1477471,2024-12-06 06:53:53 -0800,2024-12-06 06:53:53 -0800,lost profiles,<p>You have screwed up two hd's with this new update..    I have lost all my bookmarks passwards and all my screen setup for firefox.  need to know if i  have a backup on my hd   if not how to set up the screen the way i had it before update    not happy with update </p><p>Bob </p>,firefox;backup-recovery-and-sync;,firefox,backup-recovery-and-sync,en-US,"",tnbigdog
1477469,2024-12-06 06:49:32 -0800,2024-12-06 06:49:32 -0800,Won't update firefox,"<p>after updating windows i got this message  ""Your Computer must be restarted  to complete a previous upgrade of firefox. Do you want to reboot now?"" when i restart i get the same message </p><p>Regards  </p><p>Mark Formby </p>",firefox;installation-and-updates;,firefox,installation-and-updates,en-US,"",Mark589
1477467,2024-12-06 06:32:50 -0800,2024-12-06 08:54:01 -0800,turn off auto fill,<p>I DO NOT WANT to remember user name or passwords </p>,firefox;privacy-and-security_1;,firefox,privacy-and-security,en-US,1692481;,mkscott105
1477466,2024-12-06 06:26:54 -0800,2024-12-06 07:20:51 -0800,Search bar issue,"<p>I have a typical search bar at the top of the browser window. Recently, as soon as I begin to type a search, the bar expands to cover the whole top of the browser window.  How do I stop this from happening?  It's unnecessary and irritating.  Firefox 133.0, Win 11 </p>",firefox;browse;,firefox,browse,en-US,1692441;1692442;1692447;1692454;,gyaltnnh
1477464,2024-12-06 06:26:18 -0800,2024-12-06 06:54:46 -0800,'Recent Updates' in Firefox Add-ons: How many days does it cover?,"<p>In Firefox add-ons, the 'Recent Updates' section can be accessed through the cog wheel icon. How many days of updates does it cover? I'm asking because I don't want to miss any important updates. Thanks! </p>",firefox;installation-and-updates;,firefox,installation-and-updates,en-US,1692443;,greymote
1477463,2024-12-06 06:24:34 -0800,2024-12-06 09:12:45 -0800,Online checkout/login blocked on some sites,"<p>I have noticed over the past year that some shopping sites no longer allow me to complete my purchase (<a href=""http://landsend.com"" rel=""nofollow"">landsend.com</a>, <a href=""http://garnethill.com"" rel=""nofollow"">garnethill.com</a>) or login (<a href=""http://theguardian.com/us"" rel=""nofollow"">theguardian.com/us</a>) to name a few. In the past I have called their customer service and completed my purchase by phone or I have had to use the Edge browser. This is an annoying work around and defeats using Firefox as my default browser. I just disabled the HTTPS scanning in my (AVG) antivirus software and was hoping that may resolve the issue but I still cannot log into my accounts on the 2 I just tried. Am I going to have to change my browser use? </p>",firefox;performance-and-connectivity;firefox-1330;,firefox,performance-and-connectivity,en-US,1692491;,pickstedt
1477462,2024-12-06 06:22:58 -0800,2024-12-06 06:22:58 -0800,"Firefox locks my computer, creates thousands of tracks, causes hundreds of megs of temp files that need cleaning","<p>Every two or three hours, firefox locks my computer by creating thousands of tracks  and temporary file megabytes. I have to power button the computer off and restart. </p><p>I have tried ridding of cache etc, but nothing works. I am running win 7 64x ultimate, and the latest firefox browser, but this issue has been going on with previous versions  and over years. Yesterday the problem corrupted some files that sfc /scannow can't even  fix.  </p><p>Please help. </p><p>sam </p>",firefox;performance-and-connectivity;,firefox,performance-and-connectivity,en-US,"",stevesammet02
1477458,2024-12-06 05:52:08 -0800,2024-12-06 07:20:54 -0800,Once again cannot sign into email account,"<p>I tried to put in my password for my Gmail account.  When I do EMAIL OR PHONE gets laid on top of the email address I use. </p><p>This is the SECOND TIME this has happened RECENTLY.  And it was taken care of.  BUT, NOW IT IS BACK.  I NEED the sign in as I am getting ready for a trip. </p>",firefox;passwords-and-sign-in;,firefox,passwords-and-sign-in,en-US,1692455;,ziggysam2017
1477457,2024-12-06 05:03:18 -0800,2024-12-06 06:57:10 -0800,I have just lost a draft e mail I was writing,<p>how do I resurrect my draft e mail? </p>,firefox;backup-recovery-and-sync;,firefox,backup-recovery-and-sync,en-US,1692444;,bob.brierley.home
1477456,2024-12-06 04:58:47 -0800,2024-12-06 04:58:47 -0800,"Apple's ""Wachtwoorden""-applicatie","<p>In Safari kan ik bij inloggen van veel sites mijn accountgegevens snel invullen via een pop-up van de nieuwe Apple-applicatie ""Wachtwoorden"". Kan dat in Firefox niet? </p>",firefox;passwords-and-sign-in;firefox-1330;,firefox,passwords-and-sign-in,nl,"",paulovertoom
1477455,2024-12-06 04:47:57 -0800,2024-12-06 04:47:57 -0800,Input Cursor Visibility Issue with <input> Inside SVG in Responsive Context,"<p>Hello Mozilla Team, </p><p>I am encountering an issue in my React project where an &lt;input&gt; tag is used as a child of an SVG element. The input cursor visibility is inconsistent: it shows properly on some screen ratios but disappears on others. This issue appears to be related to how the input and SVG elements are rendered in different viewport sizes and resolutions. </p><p>Steps to reproduce: </p><p>Create an SVG element and embed an &lt;input&gt; tag within it. Test the behavior on screens with varying resolutions and aspect ratios. Expected Behavior: The input cursor should be consistently visible across all screen ratios and resolutions. </p><p>Actual Behavior: The cursor visibility is inconsistent. On certain screen ratios, the cursor either doesn’t show or is misaligned. </p><p>This behavior greatly affects the usability of such components, especially in responsive designs. I would appreciate any guidance or a potential fix in future updates to address this rendering inconsistency. </p><p>Thank you for your attention to this matter. Please let me know if you need further details or a code example to reproduce the issue. </p><p>Best regards, Gyanendra Kumar Dubey </p>",firefox;browse;,firefox,browse,en-US,"",gyanendra.dubey
1477447,2024-12-06 03:46:08 -0800,2024-12-06 13:32:54 -0800,Firefox support for PPC,<p>Why did you stop TenFourFox support for the PowerMac G5? The computer is still a great device. Please reconsider this decision and resume support. </p><p>Regards </p>,firefox;installation-and-updates;,firefox,installation-and-updates,en-US,1692417;1692539;,all5
1477446,2024-12-06 03:29:40 -0800,2024-12-06 10:45:03 -0800,How to recover Notes,<p>How to recover my Notes. Version 133.0 (64-bit) of Firefox got installed just now on my laptop and all my old Notes (very important stuff) just vanished. How to recover them? Please help.. </p>,firefox;backup-recovery-and-sync;firefox-1330;,firefox,backup-recovery-and-sync,en-US,1692445;1692520;1692522;,dpcinh
1477434,2024-12-06 02:06:38 -0800,2024-12-06 03:23:51 -0800,History not completely deletable,"<p>Hello, I'm using Firefox since day 1. Now I just discovered that it's virtually impossible to completely delete the history in Firefox.  I do try to delete my browsing history as suggested in the Firefox documentation. The problem is with ""Firefox suggests"". Pages that should have been cleared out by deleting the browser history, be it in settings or over the three bar menu still show up there. To me this is unacceptable. I can obfuscate by disabling all address bar search options, but the history data is then still stored somewhere. I do not use any cloud services. Attached you can see an image of what I mean. All browsing history should have been deleted but still show up (also after restarting Firefox). </p><p>I would really like to continue to use Firefox but only if I can delete ALL browsing history. Thank you. Best Regards </p>",firefox;privacy-and-security_1;,firefox,privacy-and-security,en-US,1692402;1692407;,gerhard.gubler1
1477431,2024-12-06 01:04:47 -0800,2024-12-06 01:05:37 -0800,Help me,<p>Please help me. </p>,firefox;accounts;,firefox,accounts,en-US,1692392;,dr.fontycb
1477428,2024-12-06 00:13:15 -0800,2024-12-06 00:13:15 -0800,Firefox for Mac how do I go fullscreen without seeing any of the browser UI bar elements,"<p>I feel like this has to have been asked and answered 1000 times already, but when I searched I could not find any answer links that matched my question. </p><p>There seem to be so many variables in adjusting down to a molecular level what gets shown and what gets suppressed by customizing Firefox CSS, or by using about:config .  But at this point for me, I am really looking for a DEFAULT USAGE solution. I'm sure there is one and I just don't know it.  </p><p>All I want is to be able to use and <strong>click Mac's built in UI ""Green"" button</strong> in the traffic-light UI element at the top-left corner of a window, and have the browser obey and: strip out or suppress all Firefox browser ""chrome"" elements such as tab bar, URL bar, bookmarks bar -- and show me the webpage I am looking at truly full-screen. Then when done with full-screen view, I want to click/toggle Mac's ""green light"" button again and have all the Firefox browser UI elements return. (Tab bar, URL bar, bookmarks bar). </p>",settings;firefox;,firefox,settings,en-US,"",quicksite
1477425,2024-12-05 23:38:28 -0800,2024-12-06 09:54:07 -0800,Completely inaccessible window,"<p>My computer died about three days ago, and firefox had three windows open. When I rebooted the computer again, firefox automatically started up, and the flyout panel thing that shows up when you right click on an app claimed that all three windows returned. However, only two of them were actually accessible, and clicking on the app to move between them and the F3 window confirmed this. Clicking on the third window accomplishes nothing, reveals nothing, and just moves the little checkmark around in that flyout panel. Closing the other two windows before restarting firefox does not open a new window because it thinks one is already there, but I cannot in any way see or access it outside of its label in the flyout panel. Even hitting ""Show All Windows"" just shows the window I am typing this in. What am I supposed to do here? </p>",firefox;browse;firefox-1330;,firefox,browse,en-US,1692446;1692507;,hype11419
1477421,2024-12-05 22:33:39 -0800,2024-12-05 23:27:28 -0800,The Website showing can't be reached,"<p>From last 2 days the website's specific product page <a href=""https://hassan-brothers.ae/product/thermal-rolls-80-x-80mm-receipt-paper-48gsm/"" rel=""nofollow"">https://hassan-brothers.ae/product/thermal-rolls-80-x-80mm-receipt-paper-48gsm/</a> continuously showing ""refused to connect"". as a developer I had to manage and add products for my client but unfortunately this problem occurs. I contacted to the hosting provider they said ""I think some kind of sql query issue"" after working on SQL it's working on other's end but still I unable to access.  </p><p>Kindly resolve my issue thank you. I urgently need this. </p>",firefox;performance-and-connectivity;,firefox,performance-and-connectivity,en-US,1692384;,jtim28413
1477419,2024-12-05 22:16:27 -0800,2024-12-06 00:20:26 -0800,netflix,<p>netflix says i need to update </p>,firefox;installation-and-updates;,firefox,installation-and-updates,en-US,1692387;1692389;,davposey
1477418,2024-12-05 22:06:31 -0800,2024-12-05 22:06:31 -0800,cannot,<p>hi help me please i cannot to connect tradingview site </p>,firefox;browse;,firefox,browse,en-US,"",Edobabaei
1477417,2024-12-05 21:51:09 -0800,2024-12-06 02:25:56 -0800,How to remove left sidebar??? version133,<p>I dont like it I dont need it How to remove it </p>,settings;firefox;,firefox,settings,en-US,1692383;1692404;,710839155
1477416,2024-12-05 21:39:06 -0800,2024-12-05 21:42:56 -0800,no audio from firefox,"<p>I'm not getting any audio come out from firefox. I've tried other applications and I'm getting sound across the board. All media is playing just fine everywhere else except my firefox browser. I made sure to refresh firefox, performed a full computer restart but I'm still not getting any sounds. </p>",firefox;performance-and-connectivity;,firefox,performance-and-connectivity,en-US,1692377;,lugoedward31
1477415,2024-12-05 21:20:32 -0800,2024-12-05 21:44:54 -0800,need to support security connection,<p>I  need to connect security connections. </p>,firefox;backup-recovery-and-sync;,firefox,backup-recovery-and-sync,en-US,1692378;,abdulmannansiddiki53
1477413,2024-12-05 20:52:29 -0800,2024-12-06 04:06:17 -0800,Firefox bookmarks,"<p>Helllllllllllp! Just had firefox install an update &amp; now all my saved bookmarks, login passwords &amp; previous home page have all gone. Have reset Home page, checked that Profile is correct &amp; the bookmark folder is empty. Where have they all gone. Yes I have restarted my computer but made no difference. </p>",settings;firefox;,firefox,settings,en-US,1692375;1692411;1692416;,alarmms
1477412,2024-12-05 20:29:34 -0800,2024-12-05 22:32:20 -0800,Screen is cluttered with something on the left in my way,<p>I WAS USING 110 PER CENT NOW THAT DOESN'T FIT.  H0W DO I GET RID OF THIS BAR BLOCKING THE LEFT SIDE OF MY SCREEN SO 110 PERCENT WILL FIT AGAIN? </p><p>I DON'T UNDERSTAND WHAT YOU WANT BELOW.  YOU'RE DEALING WITH AN IDIOT HERE. </p><p>I GUESS I SHOULD SAY WHAT I'M LOOKING FOR IS 110 PER CENT TEXT SIZE. </p><p>HOW DO I SEND THIS TO SOMEONE?  PLEASE HELP ME!! </p>,firefox;browse;,firefox,browse,en-US,1692372;1692374;1692379;,bmccalley
1477408,2024-12-05 20:13:34 -0800,2024-12-05 20:58:00 -0800,fire fox browser,"<p>Lately, my Firefox browser does not play videos from <a href=""http://Dailymail.co.uk"" rel=""nofollow"">Dailymail.co.uk</a>. What seems to be the problem? It had been working so well before this until the last few months. I also have an ad block plus extension which I disabled for this site but nothing seems to work so far. I do not have a problem with Microsoft Edge playing videos from the dailymail. Any help? </p>",firefox;needsinfo;browse;,firefox,browse,en-US,1692371;,jdec91
